bmb_file.bmb01,bmb_file.bmb02,bmb_file.bmb03,bmb_file.bmb04,bmb_file.bmb05,bmb_file.bmb06,bmb_file.bmb07,bmb_file.bmb08,bmb_file.bmb09,bmb_file.bmb10,bmb_file.bmb10_fac,bmb_file.bmb10_fac2,bmb_file.bmb11,bmb_file.bmb13,bmb_file.bmb14,bmb_file.bmb15,bmb_file.bmb16,bmb_file.bmb17,bmb_file.bmb18,bmb_file.bmb19,bmb_file.bmb20,bmb_file.bmb21,bmb_file.bmb22,bmb_file.bmb23,bmb_file.bmb24,bmb_file.bmb25,bmb_file.bmb26,bmb_file.bmb27,bmb_file.bmb28,bmb_file.bmbmodu,bmb_file.bmbdate,bmb_file.bmbcomm,bmb_file.bmb29,bmb_file.bmb30,bmb_file.bmb31,bmb_file.bmb33,bmb_file.bmbud01,bmb_file.bmbud02,bmb_file.bmbud03,bmb_file.bmbud04,bmb_file.bmbud05,bmb_file.bmbud06,bmb_file.bmbud07,bmb_file.bmbud08,bmb_file.bmbud09,bmb_file.bmbud10,bmb_file.bmbud11,bmb_file.bmbud12,bmb_file.bmbud13,bmb_file.bmbud14,bmb_file.bmbud15,bmb_file.bmb081,bmb_file.bmb082,bmb_file.bmb36,bmb_file.bmb37,ima02,
08MN08C06XXX,10,0000-100030,3/5/2022 0:00,,176,1,0,,KG,1,1,,,0,N,0,N,0,1,,,,100,,R01-0-02,,N,0,tiptop,3/5/2022 0:00,abmi600,R01JAT-801,,N,0,,,,,,,,,,,,,,,,0,1,,,WATER,1597
08MN08C06XXX,15,0000-100011,3/5/2022 0:00,,142,1,0,,KG,1,1,,,0,N,0,N,0,1,,,,100,,R01-0-01,,N,0,tiptop,3/5/2022 0:00,abmi600,R01JAT-801,,N,0,,,,,,,,,,,,,,,,0,1,,,SEMEN,
08MN08C06XXX,20,0000-000015,3/5/2022 0:00,,47,1,0,,KG,1,1,,,1,N,0,N,0,1,,,,100,,R01-0-01,,N,0,tiptop,3/5/2022 0:00,abmi600,R01JAT-801,,N,0,,,,,,,,,,,,,,,,0,1,,,FA,
08MN08C06XXX,25,0000-100094,3/5/2022 0:00,,1146,1,0,,KG,1,1,,,0,N,0,N,0,1,,,,100,,R01-0-Z0,,N,0,tiptop,3/5/2022 0:00,abmi600,R01JAT-801,,N,0,,,,,,,,,,,,,,,,0,1,,,SAND,
08MN08C06XXX,30,0000-100089,3/5/2022 0:00,,0,1,0,,KG,1,1,,,1,N,0,N,0,1,,,,100,,R01-0-01,,N,0,tiptop,3/5/2022 0:00,abmi600,R01JAT-801,,N,0,,,,,,,,,,,,,,,,0,1,,,MSAND,
08MN08C06XXX,35,0000-100090,3/5/2022 0:00,,756,1,0,,KG,1,1,,,1,N,0,N,0,1,,,,100,,R01-0-01,,N,0,tiptop,3/5/2022 0:00,abmi600,R01JAT-801,,N,0,,,,,,,,,,,,,,,,0,1,,,AGG1,
08MN08C06XXX,40,0000-100091,3/5/2022 0:00,,0,1,0,,KG,1,1,,,0,N,0,N,0,1,,,,100,,R01-0-01,,N,0,tiptop,3/5/2022 0:00,abmi600,R01JAT-801,,N,0,,,,,,,,,,,,,,,,0,1,,,AGG2,
08MN08C06XXX,45,0000-100092,3/5/2022 0:00,,0,1,0,,KG,1,1,,,0,N,0,N,0,1,,,,100,,R01-0-01,,N,0,tiptop,3/5/2022 0:00,abmi600,R01JAT-801,,N,0,,,,,,,,,,,,,,,,0,1,,,AGG3,
08MN08C06XXX,50,0002-100015,3/5/2022 0:00,,0.42,1,0,,KG,1,1,,,1,N,0,N,0,1,,,,100,,R01-0-01,,N,0,tiptop,3/5/2022 0:00,abmi600,R01JAT-801,,N,0,,,,,,,,,,,,,,,,0,1,,,PLAST,
08MN08C06XXX,55,0002-100017,3/5/2022 0:00,,0.00,1,0,,KG,1,1,,,0,N,0,N,0,1,,,,100,,R01-0-01,,N,0,tiptop,3/5/2022 0:00,abmi600,R01JAT-801,,N,0,,,,,,,,,,,,,,,,0,1,,,SK 183,
08MN08C06XXX,60,0002-100402,3/5/2022 0:00,,0.00,1,0,,KG,1,1,,,0,N,0,N,0,1,,,,100,,R01-0-01,,N,0,tiptop,3/5/2022 0:00,abmi600,R01JAT-801,,N,0,,,,,,,,,,,,,,,,0,1,,,VIS 1003,
10MN08C06XXX,10,0000-100030,3/5/2022 0:00,,176,1,0,,KG,1,1,,,0,N,0,N,0,1,,,,100,,R01-0-02,,N,0,tiptop,3/5/2022 0:00,abmi600,R01JAT-801,,N,0,,,,,,,,,,,,,,,,0,1,,,WATER,1598
10MN08C06XXX,15,0000-100011,3/5/2022 0:00,,156,1,0,,KG,1,1,,,0,N,0,N,0,1,,,,100,,R01-0-01,,N,0,tiptop,3/5/2022 0:00,abmi600,R01JAT-801,,N,0,,,,,,,,,,,,,,,,0,1,,,SEMEN,
10MN08C06XXX,20,0000-000015,3/5/2022 0:00,,52,1,0,,KG,1,1,,,1,N,0,N,0,1,,,,100,,R01-0-01,,N,0,tiptop,3/5/2022 0:00,abmi600,R01JAT-801,,N,0,,,,,,,,,,,,,,,,0,1,,,FA,
10MN08C06XXX,25,0000-100094,3/5/2022 0:00,,1129,1,0,,KG,1,1,,,0,N,0,N,0,1,,,,100,,R01-0-Z0,,N,0,tiptop,3/5/2022 0:00,abmi600,R01JAT-801,,N,0,,,,,,,,,,,,,,,,0,1,,,SAND,
10MN08C06XXX,30,0000-100089,3/5/2022 0:00,,0,1,0,,KG,1,1,,,1,N,0,N,0,1,,,,100,,R01-0-01,,N,0,tiptop,3/5/2022 0:00,abmi600,R01JAT-801,,N,0,,,,,,,,,,,,,,,,0,1,,,MSAND,
10MN08C06XXX,35,0000-100090,3/5/2022 0:00,,756,1,0,,KG,1,1,,,1,N,0,N,0,1,,,,100,,R01-0-01,,N,0,tiptop,3/5/2022 0:00,abmi600,R01JAT-801,,N,0,,,,,,,,,,,,,,,,0,1,,,AGG1,
10MN08C06XXX,40,0000-100091,3/5/2022 0:00,,0,1,0,,KG,1,1,,,0,N,0,N,0,1,,,,100,,R01-0-01,,N,0,tiptop,3/5/2022 0:00,abmi600,R01JAT-801,,N,0,,,,,,,,,,,,,,,,0,1,,,AGG2,
10MN08C06XXX,45,0000-100092,3/5/2022 0:00,,0,1,0,,KG,1,1,,,0,N,0,N,0,1,,,,100,,R01-0-01,,N,0,tiptop,3/5/2022 0:00,abmi600,R01JAT-801,,N,0,,,,,,,,,,,,,,,,0,1,,,AGG3,
10MN08C06XXX,50,0002-100015,3/5/2022 0:00,,0.46,1,0,,KG,1,1,,,1,N,0,N,0,1,,,,100,,R01-0-01,,N,0,tiptop,3/5/2022 0:00,abmi600,R01JAT-801,,N,0,,,,,,,,,,,,,,,,0,1,,,PLAST,
10MN08C06XXX,55,0002-100017,3/5/2022 0:00,,0.00,1,0,,KG,1,1,,,0,N,0,N,0,1,,,,100,,R01-0-01,,N,0,tiptop,3/5/2022 0:00,abmi600,R01JAT-801,,N,0,,,,,,,,,,,,,,,,0,1,,,SK 183,
10MN08C06XXX,60,0002-100402,3/5/2022 0:00,,0.00,1,0,,KG,1,1,,,0,N,0,N,0,1,,,,100,,R01-0-01,,N,0,tiptop,3/5/2022 0:00,abmi600,R01JAT-801,,N,0,,,,,,,,,,,,,,,,0,1,,,VIS 1003,
12MN08C06XXX,10,0000-100030,3/5/2022 0:00,,176,1,0,,KG,1,1,,,0,N,0,N,0,1,,,,100,,R01-0-02,,N,0,tiptop,3/5/2022 0:00,abmi600,R01JAT-801,,N,0,,,,,,,,,,,,,,,,0,1,,,WATER,1599
12MN08C06XXX,15,0000-100011,3/5/2022 0:00,,170,1,0,,KG,1,1,,,0,N,0,N,0,1,,,,100,,R01-0-01,,N,0,tiptop,3/5/2022 0:00,abmi600,R01JAT-801,,N,0,,,,,,,,,,,,,,,,0,1,,,SEMEN,
12MN08C06XXX,20,0000-000015,3/5/2022 0:00,,57,1,0,,KG,1,1,,,1,N,0,N,0,1,,,,100,,R01-0-01,,N,0,tiptop,3/5/2022 0:00,abmi600,R01JAT-801,,N,0,,,,,,,,,,,,,,,,0,1,,,FA,
12MN08C06XXX,25,0000-100094,3/5/2022 0:00,,1112,1,0,,KG,1,1,,,0,N,0,N,0,1,,,,100,,R01-0-Z0,,N,0,tiptop,3/5/2022 0:00,abmi600,R01JAT-801,,N,0,,,,,,,,,,,,,,,,0,1,,,SAND,
12MN08C06XXX,30,0000-100089,3/5/2022 0:00,,0,1,0,,KG,1,1,,,1,N,0,N,0,1,,,,100,,R01-0-01,,N,0,tiptop,3/5/2022 0:00,abmi600,R01JAT-801,,N,0,,,,,,,,,,,,,,,,0,1,,,MSAND,
12MN08C06XXX,35,0000-100090,3/5/2022 0:00,,756,1,0,,KG,1,1,,,1,N,0,N,0,1,,,,100,,R01-0-01,,N,0,tiptop,3/5/2022 0:00,abmi600,R01JAT-801,,N,0,,,,,,,,,,,,,,,,0,1,,,AGG1,
12MN08C06XXX,40,0000-100091,3/5/2022 0:00,,0,1,0,,KG,1,1,,,0,N,0,N,0,1,,,,100,,R01-0-01,,N,0,tiptop,3/5/2022 0:00,abmi600,R01JAT-801,,N,0,,,,,,,,,,,,,,,,0,1,,,AGG2,
12MN08C06XXX,45,0000-100092,3/5/2022 0:00,,0,1,0,,KG,1,1,,,0,N,0,N,0,1,,,,100,,R01-0-01,,N,0,tiptop,3/5/2022 0:00,abmi600,R01JAT-801,,N,0,,,,,,,,,,,,,,,,0,1,,,AGG3,
12MN08C06XXX,50,0002-100015,3/5/2022 0:00,,0.50,1,0,,KG,1,1,,,1,N,0,N,0,1,,,,100,,R01-0-01,,N,0,tiptop,3/5/2022 0:00,abmi600,R01JAT-801,,N,0,,,,,,,,,,,,,,,,0,1,,,PLAST,
12MN08C06XXX,55,0002-100017,3/5/2022 0:00,,0.00,1,0,,KG,1,1,,,0,N,0,N,0,1,,,,100,,R01-0-01,,N,0,tiptop,3/5/2022 0:00,abmi600,R01JAT-801,,N,0,,,,,,,,,,,,,,,,0,1,,,SK 183,
12MN08C06XXX,60,0002-100402,3/5/2022 0:00,,0.00,1,0,,KG,1,1,,,0,N,0,N,0,1,,,,100,,R01-0-01,,N,0,tiptop,3/5/2022 0:00,abmi600,R01JAT-801,,N,0,,,,,,,,,,,,,,,,0,1,,,VIS 1003,
14MN08C06XXX,10,0000-100030,3/5/2022 0:00,,176,1,0,,KG,1,1,,,0,N,0,N,0,1,,,,100,,R01-0-02,,N,0,tiptop,3/5/2022 0:00,abmi600,R01JAT-801,,N,0,,,,,,,,,,,,,,,,0,1,,,WATER,1600
14MN08C06XXX,15,0000-100011,3/5/2022 0:00,,183,1,0,,KG,1,1,,,0,N,0,N,0,1,,,,100,,R01-0-01,,N,0,tiptop,3/5/2022 0:00,abmi600,R01JAT-801,,N,0,,,,,,,,,,,,,,,,0,1,,,SEMEN,
14MN08C06XXX,20,0000-000015,3/5/2022 0:00,,61,1,0,,KG,1,1,,,1,N,0,N,0,1,,,,100,,R01-0-01,,N,0,tiptop,3/5/2022 0:00,abmi600,R01JAT-801,,N,0,,,,,,,,,,,,,,,,0,1,,,FA,
14MN08C06XXX,25,0000-100094,3/5/2022 0:00,,1096,1,0,,KG,1,1,,,0,N,0,N,0,1,,,,100,,R01-0-Z0,,N,0,tiptop,3/5/2022 0:00,abmi600,R01JAT-801,,N,0,,,,,,,,,,,,,,,,0,1,,,SAND,
14MN08C06XXX,30,0000-100089,3/5/2022 0:00,,0,1,0,,KG,1,1,,,1,N,0,N,0,1,,,,100,,R01-0-01,,N,0,tiptop,3/5/2022 0:00,abmi600,R01JAT-801,,N,0,,,,,,,,,,,,,,,,0,1,,,MSAND,
14MN08C06XXX,35,0000-100090,3/5/2022 0:00,,756,1,0,,KG,1,1,,,1,N,0,N,0,1,,,,100,,R01-0-01,,N,0,tiptop,3/5/2022 0:00,abmi600,R01JAT-801,,N,0,,,,,,,,,,,,,,,,0,1,,,AGG1,
14MN08C06XXX,40,0000-100091,3/5/2022 0:00,,0,1,0,,KG,1,1,,,0,N,0,N,0,1,,,,100,,R01-0-01,,N,0,tiptop,3/5/2022 0:00,abmi600,R01JAT-801,,N,0,,,,,,,,,,,,,,,,0,1,,,AGG2,
14MN08C06XXX,45,0000-100092,3/5/2022 0:00,,0,1,0,,KG,1,1,,,0,N,0,N,0,1,,,,100,,R01-0-01,,N,0,tiptop,3/5/2022 0:00,abmi600,R01JAT-801,,N,0,,,,,,,,,,,,,,,,0,1,,,AGG3,
14MN08C06XXX,50,0002-100015,3/5/2022 0:00,,0.54,1,0,,KG,1,1,,,1,N,0,N,0,1,,,,100,,R01-0-01,,N,0,tiptop,3/5/2022 0:00,abmi600,R01JAT-801,,N,0,,,,,,,,,,,,,,,,0,1,,,PLAST,
14MN08C06XXX,55,0002-100017,3/5/2022 0:00,,0.00,1,0,,KG,1,1,,,0,N,0,N,0,1,,,,100,,R01-0-01,,N,0,tiptop,3/5/2022 0:00,abmi600,R01JAT-801,,N,0,,,,,,,,,,,,,,,,0,1,,,SK 183,
14MN08C06XXX,60,0002-100402,3/5/2022 0:00,,0.00,1,0,,KG,1,1,,,0,N,0,N,0,1,,,,100,,R01-0-01,,N,0,tiptop,3/5/2022 0:00,abmi600,R01JAT-801,,N,0,,,,,,,,,,,,,,,,0,1,,,VIS 1003,
16MN08C06XXX,10,0000-100030,3/5/2022 0:00,,176,1,0,,KG,1,1,,,0,N,0,N,0,1,,,,100,,R01-0-02,,N,0,tiptop,3/5/2022 0:00,abmi600,R01JAT-801,,N,0,,,,,,,,,,,,,,,,0,1,,,WATER,1601
16MN08C06XXX,15,0000-100011,3/5/2022 0:00,,196,1,0,,KG,1,1,,,0,N,0,N,0,1,,,,100,,R01-0-01,,N,0,tiptop,3/5/2022 0:00,abmi600,R01JAT-801,,N,0,,,,,,,,,,,,,,,,0,1,,,SEMEN,
16MN08C06XXX,20,0000-000015,3/5/2022 0:00,,65,1,0,,KG,1,1,,,1,N,0,N,0,1,,,,100,,R01-0-01,,N,0,tiptop,3/5/2022 0:00,abmi600,R01JAT-801,,N,0,,,,,,,,,,,,,,,,0,1,,,FA,
16MN08C06XXX,25,0000-100094,3/5/2022 0:00,,1079,1,0,,KG,1,1,,,0,N,0,N,0,1,,,,100,,R01-0-Z0,,N,0,tiptop,3/5/2022 0:00,abmi600,R01JAT-801,,N,0,,,,,,,,,,,,,,,,0,1,,,SAND,
16MN08C06XXX,30,0000-100089,3/5/2022 0:00,,0,1,0,,KG,1,1,,,1,N,0,N,0,1,,,,100,,R01-0-01,,N,0,tiptop,3/5/2022 0:00,abmi600,R01JAT-801,,N,0,,,,,,,,,,,,,,,,0,1,,,MSAND,
16MN08C06XXX,35,0000-100090,3/5/2022 0:00,,756,1,0,,KG,1,1,,,1,N,0,N,0,1,,,,100,,R01-0-01,,N,0,tiptop,3/5/2022 0:00,abmi600,R01JAT-801,,N,0,,,,,,,,,,,,,,,,0,1,,,AGG1,
16MN08C06XXX,40,0000-100091,3/5/2022 0:00,,0,1,0,,KG,1,1,,,0,N,0,N,0,1,,,,100,,R01-0-01,,N,0,tiptop,3/5/2022 0:00,abmi600,R01JAT-801,,N,0,,,,,,,,,,,,,,,,0,1,,,AGG2,
16MN08C06XXX,45,0000-100092,3/5/2022 0:00,,0,1,0,,KG,1,1,,,0,N,0,N,0,1,,,,100,,R01-0-01,,N,0,tiptop,3/5/2022 0:00,abmi600,R01JAT-801,,N,0,,,,,,,,,,,,,,,,0,1,,,AGG3,
16MN08C06XXX,50,0002-100015,3/5/2022 0:00,,0.58,1,0,,KG,1,1,,,1,N,0,N,0,1,,,,100,,R01-0-01,,N,0,tiptop,3/5/2022 0:00,abmi600,R01JAT-801,,N,0,,,,,,,,,,,,,,,,0,1,,,PLAST,
16MN08C06XXX,55,0002-100017,3/5/2022 0:00,,0.00,1,0,,KG,1,1,,,0,N,0,N,0,1,,,,100,,R01-0-01,,N,0,tiptop,3/5/2022 0:00,abmi600,R01JAT-801,,N,0,,,,,,,,,,,,,,,,0,1,,,SK 183,
16MN08C06XXX,60,0002-100402,3/5/2022 0:00,,0.00,1,0,,KG,1,1,,,0,N,0,N,0,1,,,,100,,R01-0-01,,N,0,tiptop,3/5/2022 0:00,abmi600,R01JAT-801,,N,0,,,,,,,,,,,,,,,,0,1,,,VIS 1003,
18MN08C06XXX,10,0000-100030,3/5/2022 0:00,,176,1,0,,KG,1,1,,,0,N,0,N,0,1,,,,100,,R01-0-02,,N,0,tiptop,3/5/2022 0:00,abmi600,R01JAT-801,,N,0,,,,,,,,,,,,,,,,0,1,,,WATER,1602
18MN08C06XXX,15,0000-100011,3/5/2022 0:00,,210,1,0,,KG,1,1,,,0,N,0,N,0,1,,,,100,,R01-0-01,,N,0,tiptop,3/5/2022 0:00,abmi600,R01JAT-801,,N,0,,,,,,,,,,,,,,,,0,1,,,SEMEN,
18MN08C06XXX,20,0000-000015,3/5/2022 0:00,,70,1,0,,KG,1,1,,,1,N,0,N,0,1,,,,100,,R01-0-01,,N,0,tiptop,3/5/2022 0:00,abmi600,R01JAT-801,,N,0,,,,,,,,,,,,,,,,0,1,,,FA,
18MN08C06XXX,25,0000-100094,3/5/2022 0:00,,1063,1,0,,KG,1,1,,,0,N,0,N,0,1,,,,100,,R01-0-Z0,,N,0,tiptop,3/5/2022 0:00,abmi600,R01JAT-801,,N,0,,,,,,,,,,,,,,,,0,1,,,SAND,
18MN08C06XXX,30,0000-100089,3/5/2022 0:00,,0,1,0,,KG,1,1,,,1,N,0,N,0,1,,,,100,,R01-0-01,,N,0,tiptop,3/5/2022 0:00,abmi600,R01JAT-801,,N,0,,,,,,,,,,,,,,,,0,1,,,MSAND,
18MN08C06XXX,35,0000-100090,3/5/2022 0:00,,756,1,0,,KG,1,1,,,1,N,0,N,0,1,,,,100,,R01-0-01,,N,0,tiptop,3/5/2022 0:00,abmi600,R01JAT-801,,N,0,,,,,,,,,,,,,,,,0,1,,,AGG1,
18MN08C06XXX,40,0000-100091,3/5/2022 0:00,,0,1,0,,KG,1,1,,,0,N,0,N,0,1,,,,100,,R01-0-01,,N,0,tiptop,3/5/2022 0:00,abmi600,R01JAT-801,,N,0,,,,,,,,,,,,,,,,0,1,,,AGG2,
18MN08C06XXX,45,0000-100092,3/5/2022 0:00,,0,1,0,,KG,1,1,,,0,N,0,N,0,1,,,,100,,R01-0-01,,N,0,tiptop,3/5/2022 0:00,abmi600,R01JAT-801,,N,0,,,,,,,,,,,,,,,,0,1,,,AGG3,
18MN08C06XXX,50,0002-100015,3/5/2022 0:00,,0.61,1,0,,KG,1,1,,,1,N,0,N,0,1,,,,100,,R01-0-01,,N,0,tiptop,3/5/2022 0:00,abmi600,R01JAT-801,,N,0,,,,,,,,,,,,,,,,0,1,,,PLAST,
18MN08C06XXX,55,0002-100017,3/5/2022 0:00,,0.00,1,0,,KG,1,1,,,0,N,0,N,0,1,,,,100,,R01-0-01,,N,0,tiptop,3/5/2022 0:00,abmi600,R01JAT-801,,N,0,,,,,,,,,,,,,,,,0,1,,,SK 183,
18MN08C06XXX,60,0002-100402,3/5/2022 0:00,,0.00,1,0,,KG,1,1,,,0,N,0,N,0,1,,,,100,,R01-0-01,,N,0,tiptop,3/5/2022 0:00,abmi600,R01JAT-801,,N,0,,,,,,,,,,,,,,,,0,1,,,VIS 1003,
20MN08C06XXX,10,0000-100030,3/5/2022 0:00,,176,1,0,,KG,1,1,,,0,N,0,N,0,1,,,,100,,R01-0-02,,N,0,tiptop,3/5/2022 0:00,abmi600,R01JAT-801,,N,0,,,,,,,,,,,,,,,,0,1,,,WATER,1603
20MN08C06XXX,15,0000-100011,3/5/2022 0:00,,223,1,0,,KG,1,1,,,0,N,0,N,0,1,,,,100,,R01-0-01,,N,0,tiptop,3/5/2022 0:00,abmi600,R01JAT-801,,N,0,,,,,,,,,,,,,,,,0,1,,,SEMEN,
20MN08C06XXX,20,0000-000015,3/5/2022 0:00,,74,1,0,,KG,1,1,,,1,N,0,N,0,1,,,,100,,R01-0-01,,N,0,tiptop,3/5/2022 0:00,abmi600,R01JAT-801,,N,0,,,,,,,,,,,,,,,,0,1,,,FA,
20MN08C06XXX,25,0000-100094,3/5/2022 0:00,,1046,1,0,,KG,1,1,,,0,N,0,N,0,1,,,,100,,R01-0-Z0,,N,0,tiptop,3/5/2022 0:00,abmi600,R01JAT-801,,N,0,,,,,,,,,,,,,,,,0,1,,,SAND,
20MN08C06XXX,30,0000-100089,3/5/2022 0:00,,0,1,0,,KG,1,1,,,1,N,0,N,0,1,,,,100,,R01-0-01,,N,0,tiptop,3/5/2022 0:00,abmi600,R01JAT-801,,N,0,,,,,,,,,,,,,,,,0,1,,,MSAND,
20MN08C06XXX,35,0000-100090,3/5/2022 0:00,,756,1,0,,KG,1,1,,,1,N,0,N,0,1,,,,100,,R01-0-01,,N,0,tiptop,3/5/2022 0:00,abmi600,R01JAT-801,,N,0,,,,,,,,,,,,,,,,0,1,,,AGG1,
20MN08C06XXX,40,0000-100091,3/5/2022 0:00,,0,1,0,,KG,1,1,,,0,N,0,N,0,1,,,,100,,R01-0-01,,N,0,tiptop,3/5/2022 0:00,abmi600,R01JAT-801,,N,0,,,,,,,,,,,,,,,,0,1,,,AGG2,
20MN08C06XXX,45,0000-100092,3/5/2022 0:00,,0,1,0,,KG,1,1,,,0,N,0,N,0,1,,,,100,,R01-0-01,,N,0,tiptop,3/5/2022 0:00,abmi600,R01JAT-801,,N,0,,,,,,,,,,,,,,,,0,1,,,AGG3,
20MN08C06XXX,50,0002-100015,3/5/2022 0:00,,0.66,1,0,,KG,1,1,,,1,N,0,N,0,1,,,,100,,R01-0-01,,N,0,tiptop,3/5/2022 0:00,abmi600,R01JAT-801,,N,0,,,,,,,,,,,,,,,,0,1,,,PLAST,
20MN08C06XXX,55,0002-100017,3/5/2022 0:00,,0.00,1,0,,KG,1,1,,,0,N,0,N,0,1,,,,100,,R01-0-01,,N,0,tiptop,3/5/2022 0:00,abmi600,R01JAT-801,,N,0,,,,,,,,,,,,,,,,0,1,,,SK 183,
20MN08C06XXX,60,0002-100402,3/5/2022 0:00,,0.00,1,0,,KG,1,1,,,0,N,0,N,0,1,,,,100,,R01-0-01,,N,0,tiptop,3/5/2022 0:00,abmi600,R01JAT-801,,N,0,,,,,,,,,,,,,,,,0,1,,,VIS 1003,
22MN08C06XXX,10,0000-100030,3/5/2022 0:00,,174,1,0,,KG,1,1,,,0,N,0,N,0,1,,,,100,,R01-0-02,,N,0,tiptop,3/5/2022 0:00,abmi600,R01JAT-801,,N,0,,,,,,,,,,,,,,,,0,1,,,WATER,1604
22MN08C06XXX,15,0000-100011,3/5/2022 0:00,,235,1,0,,KG,1,1,,,0,N,0,N,0,1,,,,100,,R01-0-01,,N,0,tiptop,3/5/2022 0:00,abmi600,R01JAT-801,,N,0,,,,,,,,,,,,,,,,0,1,,,SEMEN,
22MN08C06XXX,20,0000-000015,3/5/2022 0:00,,78,1,0,,KG,1,1,,,1,N,0,N,0,1,,,,100,,R01-0-01,,N,0,tiptop,3/5/2022 0:00,abmi600,R01JAT-801,,N,0,,,,,,,,,,,,,,,,0,1,,,FA,
22MN08C06XXX,25,0000-100094,3/5/2022 0:00,,1035,1,0,,KG,1,1,,,0,N,0,N,0,1,,,,100,,R01-0-Z0,,N,0,tiptop,3/5/2022 0:00,abmi600,R01JAT-801,,N,0,,,,,,,,,,,,,,,,0,1,,,SAND,
22MN08C06XXX,30,0000-100089,3/5/2022 0:00,,0,1,0,,KG,1,1,,,1,N,0,N,0,1,,,,100,,R01-0-01,,N,0,tiptop,3/5/2022 0:00,abmi600,R01JAT-801,,N,0,,,,,,,,,,,,,,,,0,1,,,MSAND,
22MN08C06XXX,35,0000-100090,3/5/2022 0:00,,756,1,0,,KG,1,1,,,1,N,0,N,0,1,,,,100,,R01-0-01,,N,0,tiptop,3/5/2022 0:00,abmi600,R01JAT-801,,N,0,,,,,,,,,,,,,,,,0,1,,,AGG1,
22MN08C06XXX,40,0000-100091,3/5/2022 0:00,,0,1,0,,KG,1,1,,,0,N,0,N,0,1,,,,100,,R01-0-01,,N,0,tiptop,3/5/2022 0:00,abmi600,R01JAT-801,,N,0,,,,,,,,,,,,,,,,0,1,,,AGG2,
22MN08C06XXX,45,0000-100092,3/5/2022 0:00,,0,1,0,,KG,1,1,,,0,N,0,N,0,1,,,,100,,R01-0-01,,N,0,tiptop,3/5/2022 0:00,abmi600,R01JAT-801,,N,0,,,,,,,,,,,,,,,,0,1,,,AGG3,
22MN08C06XXX,50,0002-100015,3/5/2022 0:00,,0.69,1,0,,KG,1,1,,,1,N,0,N,0,1,,,,100,,R01-0-01,,N,0,tiptop,3/5/2022 0:00,abmi600,R01JAT-801,,N,0,,,,,,,,,,,,,,,,0,1,,,PLAST,
22MN08C06XXX,55,0002-100017,3/5/2022 0:00,,0.75,1,0,,KG,1,1,,,0,N,0,N,0,1,,,,100,,R01-0-01,,N,0,tiptop,3/5/2022 0:00,abmi600,R01JAT-801,,N,0,,,,,,,,,,,,,,,,0,1,,,SK 183,
22MN08C06XXX,60,0002-100402,3/5/2022 0:00,,0.00,1,0,,KG,1,1,,,0,N,0,N,0,1,,,,100,,R01-0-01,,N,0,tiptop,3/5/2022 0:00,abmi600,R01JAT-801,,N,0,,,,,,,,,,,,,,,,0,1,,,VIS 1003,
25MN08C06XXX,10,0000-100030,3/5/2022 0:00,,174,1,0,,KG,1,1,,,0,N,0,N,0,1,,,,100,,R01-0-02,,N,0,tiptop,3/5/2022 0:00,abmi600,R01JAT-801,,N,0,,,,,,,,,,,,,,,,0,1,,,WATER,1605
25MN08C06XXX,15,0000-100011,3/5/2022 0:00,,256,1,0,,KG,1,1,,,0,N,0,N,0,1,,,,100,,R01-0-01,,N,0,tiptop,3/5/2022 0:00,abmi600,R01JAT-801,,N,0,,,,,,,,,,,,,,,,0,1,,,SEMEN,
25MN08C06XXX,20,0000-000015,3/5/2022 0:00,,85,1,0,,KG,1,1,,,1,N,0,N,0,1,,,,100,,R01-0-01,,N,0,tiptop,3/5/2022 0:00,abmi600,R01JAT-801,,N,0,,,,,,,,,,,,,,,,0,1,,,FA,
25MN08C06XXX,25,0000-100094,3/5/2022 0:00,,1008,1,0,,KG,1,1,,,0,N,0,N,0,1,,,,100,,R01-0-Z0,,N,0,tiptop,3/5/2022 0:00,abmi600,R01JAT-801,,N,0,,,,,,,,,,,,,,,,0,1,,,SAND,
25MN08C06XXX,30,0000-100089,3/5/2022 0:00,,0,1,0,,KG,1,1,,,1,N,0,N,0,1,,,,100,,R01-0-01,,N,0,tiptop,3/5/2022 0:00,abmi600,R01JAT-801,,N,0,,,,,,,,,,,,,,,,0,1,,,MSAND,
25MN08C06XXX,35,0000-100090,3/5/2022 0:00,,756,1,0,,KG,1,1,,,1,N,0,N,0,1,,,,100,,R01-0-01,,N,0,tiptop,3/5/2022 0:00,abmi600,R01JAT-801,,N,0,,,,,,,,,,,,,,,,0,1,,,AGG1,
25MN08C06XXX,40,0000-100091,3/5/2022 0:00,,0,1,0,,KG,1,1,,,0,N,0,N,0,1,,,,100,,R01-0-01,,N,0,tiptop,3/5/2022 0:00,abmi600,R01JAT-801,,N,0,,,,,,,,,,,,,,,,0,1,,,AGG2,
25MN08C06XXX,45,0000-100092,3/5/2022 0:00,,0,1,0,,KG,1,1,,,0,N,0,N,0,1,,,,100,,R01-0-01,,N,0,tiptop,3/5/2022 0:00,abmi600,R01JAT-801,,N,0,,,,,,,,,,,,,,,,0,1,,,AGG3,
25MN08C06XXX,50,0002-100015,3/5/2022 0:00,,0.75,1,0,,KG,1,1,,,1,N,0,N,0,1,,,,100,,R01-0-01,,N,0,tiptop,3/5/2022 0:00,abmi600,R01JAT-801,,N,0,,,,,,,,,,,,,,,,0,1,,,PLAST,
25MN08C06XXX,55,0002-100017,3/5/2022 0:00,,0.82,1,0,,KG,1,1,,,0,N,0,N,0,1,,,,100,,R01-0-01,,N,0,tiptop,3/5/2022 0:00,abmi600,R01JAT-801,,N,0,,,,,,,,,,,,,,,,0,1,,,SK 183,
25MN08C06XXX,60,0002-100402,3/5/2022 0:00,,0.00,1,0,,KG,1,1,,,0,N,0,N,0,1,,,,100,,R01-0-01,,N,0,tiptop,3/5/2022 0:00,abmi600,R01JAT-801,,N,0,,,,,,,,,,,,,,,,0,1,,,VIS 1003,
27MN08C06XXX,10,0000-100030,3/5/2022 0:00,,174,1,0,,KG,1,1,,,0,N,0,N,0,1,,,,100,,R01-0-02,,N,0,tiptop,3/5/2022 0:00,abmi600,R01JAT-801,,N,0,,,,,,,,,,,,,,,,0,1,,,WATER,1606
27MN08C06XXX,15,0000-100011,3/5/2022 0:00,,271,1,0,,KG,1,1,,,0,N,0,N,0,1,,,,100,,R01-0-01,,N,0,tiptop,3/5/2022 0:00,abmi600,R01JAT-801,,N,0,,,,,,,,,,,,,,,,0,1,,,SEMEN,
27MN08C06XXX,20,0000-000015,3/5/2022 0:00,,90,1,0,,KG,1,1,,,1,N,0,N,0,1,,,,100,,R01-0-01,,N,0,tiptop,3/5/2022 0:00,abmi600,R01JAT-801,,N,0,,,,,,,,,,,,,,,,0,1,,,FA,
27MN08C06XXX,25,0000-100094,3/5/2022 0:00,,990,1,0,,KG,1,1,,,0,N,0,N,0,1,,,,100,,R01-0-Z0,,N,0,tiptop,3/5/2022 0:00,abmi600,R01JAT-801,,N,0,,,,,,,,,,,,,,,,0,1,,,SAND,
27MN08C06XXX,30,0000-100089,3/5/2022 0:00,,0,1,0,,KG,1,1,,,1,N,0,N,0,1,,,,100,,R01-0-01,,N,0,tiptop,3/5/2022 0:00,abmi600,R01JAT-801,,N,0,,,,,,,,,,,,,,,,0,1,,,MSAND,
27MN08C06XXX,35,0000-100090,3/5/2022 0:00,,756,1,0,,KG,1,1,,,1,N,0,N,0,1,,,,100,,R01-0-01,,N,0,tiptop,3/5/2022 0:00,abmi600,R01JAT-801,,N,0,,,,,,,,,,,,,,,,0,1,,,AGG1,
27MN08C06XXX,40,0000-100091,3/5/2022 0:00,,0,1,0,,KG,1,1,,,0,N,0,N,0,1,,,,100,,R01-0-01,,N,0,tiptop,3/5/2022 0:00,abmi600,R01JAT-801,,N,0,,,,,,,,,,,,,,,,0,1,,,AGG2,
27MN08C06XXX,45,0000-100092,3/5/2022 0:00,,0,1,0,,KG,1,1,,,0,N,0,N,0,1,,,,100,,R01-0-01,,N,0,tiptop,3/5/2022 0:00,abmi600,R01JAT-801,,N,0,,,,,,,,,,,,,,,,0,1,,,AGG3,
27MN08C06XXX,50,0002-100015,3/5/2022 0:00,,0.80,1,0,,KG,1,1,,,1,N,0,N,0,1,,,,100,,R01-0-01,,N,0,tiptop,3/5/2022 0:00,abmi600,R01JAT-801,,N,0,,,,,,,,,,,,,,,,0,1,,,PLAST,
27MN08C06XXX,55,0002-100017,3/5/2022 0:00,,0.87,1,0,,KG,1,1,,,0,N,0,N,0,1,,,,100,,R01-0-01,,N,0,tiptop,3/5/2022 0:00,abmi600,R01JAT-801,,N,0,,,,,,,,,,,,,,,,0,1,,,SK 183,
27MN08C06XXX,60,0002-100402,3/5/2022 0:00,,0.00,1,0,,KG,1,1,,,0,N,0,N,0,1,,,,100,,R01-0-01,,N,0,tiptop,3/5/2022 0:00,abmi600,R01JAT-801,,N,0,,,,,,,,,,,,,,,,0,1,,,VIS 1003,
30MN08C06XXX,10,0000-100030,3/5/2022 0:00,,174,1,0,,KG,1,1,,,0,N,0,N,0,1,,,,100,,R01-0-02,,N,0,tiptop,3/5/2022 0:00,abmi600,R01JAT-801,,N,0,,,,,,,,,,,,,,,,0,1,,,WATER,1607
30MN08C06XXX,15,0000-100011,3/5/2022 0:00,,295,1,0,,KG,1,1,,,0,N,0,N,0,1,,,,100,,R01-0-01,,N,0,tiptop,3/5/2022 0:00,abmi600,R01JAT-801,,N,0,,,,,,,,,,,,,,,,0,1,,,SEMEN,
30MN08C06XXX,20,0000-000015,3/5/2022 0:00,,98,1,0,,KG,1,1,,,1,N,0,N,0,1,,,,100,,R01-0-01,,N,0,tiptop,3/5/2022 0:00,abmi600,R01JAT-801,,N,0,,,,,,,,,,,,,,,,0,1,,,FA,
30MN08C06XXX,25,0000-100094,3/5/2022 0:00,,960,1,0,,KG,1,1,,,0,N,0,N,0,1,,,,100,,R01-0-Z0,,N,0,tiptop,3/5/2022 0:00,abmi600,R01JAT-801,,N,0,,,,,,,,,,,,,,,,0,1,,,SAND,
30MN08C06XXX,30,0000-100089,3/5/2022 0:00,,0,1,0,,KG,1,1,,,1,N,0,N,0,1,,,,100,,R01-0-01,,N,0,tiptop,3/5/2022 0:00,abmi600,R01JAT-801,,N,0,,,,,,,,,,,,,,,,0,1,,,MSAND,
30MN08C06XXX,35,0000-100090,3/5/2022 0:00,,756,1,0,,KG,1,1,,,1,N,0,N,0,1,,,,100,,R01-0-01,,N,0,tiptop,3/5/2022 0:00,abmi600,R01JAT-801,,N,0,,,,,,,,,,,,,,,,0,1,,,AGG1,
30MN08C06XXX,40,0000-100091,3/5/2022 0:00,,0,1,0,,KG,1,1,,,0,N,0,N,0,1,,,,100,,R01-0-01,,N,0,tiptop,3/5/2022 0:00,abmi600,R01JAT-801,,N,0,,,,,,,,,,,,,,,,0,1,,,AGG2,
30MN08C06XXX,45,0000-100092,3/5/2022 0:00,,0,1,0,,KG,1,1,,,0,N,0,N,0,1,,,,100,,R01-0-01,,N,0,tiptop,3/5/2022 0:00,abmi600,R01JAT-801,,N,0,,,,,,,,,,,,,,,,0,1,,,AGG3,
30MN08C06XXX,50,0002-100015,3/5/2022 0:00,,0.87,1,0,,KG,1,1,,,1,N,0,N,0,1,,,,100,,R01-0-01,,N,0,tiptop,3/5/2022 0:00,abmi600,R01JAT-801,,N,0,,,,,,,,,,,,,,,,0,1,,,PLAST,
30MN08C06XXX,55,0002-100017,3/5/2022 0:00,,0.95,1,0,,KG,1,1,,,0,N,0,N,0,1,,,,100,,R01-0-01,,N,0,tiptop,3/5/2022 0:00,abmi600,R01JAT-801,,N,0,,,,,,,,,,,,,,,,0,1,,,SK 183,
30MN08C06XXX,60,0002-100402,3/5/2022 0:00,,0.00,1,0,,KG,1,1,,,0,N,0,N,0,1,,,,100,,R01-0-01,,N,0,tiptop,3/5/2022 0:00,abmi600,R01JAT-801,,N,0,,,,,,,,,,,,,,,,0,1,,,VIS 1003,
32MN08C06XXX,10,0000-100030,3/5/2022 0:00,,174,1,0,,KG,1,1,,,0,N,0,N,0,1,,,,100,,R01-0-02,,N,0,tiptop,3/5/2022 0:00,abmi600,R01JAT-801,,N,0,,,,,,,,,,,,,,,,0,1,,,WATER,1608
32MN08C06XXX,15,0000-100011,3/5/2022 0:00,,312,1,0,,KG,1,1,,,0,N,0,N,0,1,,,,100,,R01-0-01,,N,0,tiptop,3/5/2022 0:00,abmi600,R01JAT-801,,N,0,,,,,,,,,,,,,,,,0,1,,,SEMEN,
32MN08C06XXX,20,0000-000015,3/5/2022 0:00,,104,1,0,,KG,1,1,,,1,N,0,N,0,1,,,,100,,R01-0-01,,N,0,tiptop,3/5/2022 0:00,abmi600,R01JAT-801,,N,0,,,,,,,,,,,,,,,,0,1,,,FA,
32MN08C06XXX,25,0000-100094,3/5/2022 0:00,,939,1,0,,KG,1,1,,,0,N,0,N,0,1,,,,100,,R01-0-Z0,,N,0,tiptop,3/5/2022 0:00,abmi600,R01JAT-801,,N,0,,,,,,,,,,,,,,,,0,1,,,SAND,
32MN08C06XXX,30,0000-100089,3/5/2022 0:00,,0,1,0,,KG,1,1,,,1,N,0,N,0,1,,,,100,,R01-0-01,,N,0,tiptop,3/5/2022 0:00,abmi600,R01JAT-801,,N,0,,,,,,,,,,,,,,,,0,1,,,MSAND,
32MN08C06XXX,35,0000-100090,3/5/2022 0:00,,756,1,0,,KG,1,1,,,1,N,0,N,0,1,,,,100,,R01-0-01,,N,0,tiptop,3/5/2022 0:00,abmi600,R01JAT-801,,N,0,,,,,,,,,,,,,,,,0,1,,,AGG1,
32MN08C06XXX,40,0000-100091,3/5/2022 0:00,,0,1,0,,KG,1,1,,,0,N,0,N,0,1,,,,100,,R01-0-01,,N,0,tiptop,3/5/2022 0:00,abmi600,R01JAT-801,,N,0,,,,,,,,,,,,,,,,0,1,,,AGG2,
32MN08C06XXX,45,0000-100092,3/5/2022 0:00,,0,1,0,,KG,1,1,,,0,N,0,N,0,1,,,,100,,R01-0-01,,N,0,tiptop,3/5/2022 0:00,abmi600,R01JAT-801,,N,0,,,,,,,,,,,,,,,,0,1,,,AGG3,
32MN08C06XXX,50,0002-100015,3/5/2022 0:00,,0.91,1,0,,KG,1,1,,,1,N,0,N,0,1,,,,100,,R01-0-01,,N,0,tiptop,3/5/2022 0:00,abmi600,R01JAT-801,,N,0,,,,,,,,,,,,,,,,0,1,,,PLAST,
32MN08C06XXX,55,0002-100017,3/5/2022 0:00,,1.00,1,0,,KG,1,1,,,0,N,0,N,0,1,,,,100,,R01-0-01,,N,0,tiptop,3/5/2022 0:00,abmi600,R01JAT-801,,N,0,,,,,,,,,,,,,,,,0,1,,,SK 183,
32MN08C06XXX,60,0002-100402,3/5/2022 0:00,,0.00,1,0,,KG,1,1,,,0,N,0,N,0,1,,,,100,,R01-0-01,,N,0,tiptop,3/5/2022 0:00,abmi600,R01JAT-801,,N,0,,,,,,,,,,,,,,,,0,1,,,VIS 1003,
33MN08C06XXX,10,0000-100030,3/5/2022 0:00,,174,1,0,,KG,1,1,,,0,N,0,N,0,1,,,,100,,R01-0-02,,N,0,tiptop,3/5/2022 0:00,abmi600,R01JAT-801,,N,0,,,,,,,,,,,,,,,,0,1,,,WATER,1609
33MN08C06XXX,15,0000-100011,3/5/2022 0:00,,320,1,0,,KG,1,1,,,0,N,0,N,0,1,,,,100,,R01-0-01,,N,0,tiptop,3/5/2022 0:00,abmi600,R01JAT-801,,N,0,,,,,,,,,,,,,,,,0,1,,,SEMEN,
33MN08C06XXX,20,0000-000015,3/5/2022 0:00,,107,1,0,,KG,1,1,,,1,N,0,N,0,1,,,,100,,R01-0-01,,N,0,tiptop,3/5/2022 0:00,abmi600,R01JAT-801,,N,0,,,,,,,,,,,,,,,,0,1,,,FA,
33MN08C06XXX,25,0000-100094,3/5/2022 0:00,,929,1,0,,KG,1,1,,,0,N,0,N,0,1,,,,100,,R01-0-Z0,,N,0,tiptop,3/5/2022 0:00,abmi600,R01JAT-801,,N,0,,,,,,,,,,,,,,,,0,1,,,SAND,
33MN08C06XXX,30,0000-100089,3/5/2022 0:00,,0,1,0,,KG,1,1,,,1,N,0,N,0,1,,,,100,,R01-0-01,,N,0,tiptop,3/5/2022 0:00,abmi600,R01JAT-801,,N,0,,,,,,,,,,,,,,,,0,1,,,MSAND,
33MN08C06XXX,35,0000-100090,3/5/2022 0:00,,756,1,0,,KG,1,1,,,1,N,0,N,0,1,,,,100,,R01-0-01,,N,0,tiptop,3/5/2022 0:00,abmi600,R01JAT-801,,N,0,,,,,,,,,,,,,,,,0,1,,,AGG1,
33MN08C06XXX,40,0000-100091,3/5/2022 0:00,,0,1,0,,KG,1,1,,,0,N,0,N,0,1,,,,100,,R01-0-01,,N,0,tiptop,3/5/2022 0:00,abmi600,R01JAT-801,,N,0,,,,,,,,,,,,,,,,0,1,,,AGG2,
33MN08C06XXX,45,0000-100092,3/5/2022 0:00,,0,1,0,,KG,1,1,,,0,N,0,N,0,1,,,,100,,R01-0-01,,N,0,tiptop,3/5/2022 0:00,abmi600,R01JAT-801,,N,0,,,,,,,,,,,,,,,,0,1,,,AGG3,
33MN08C06XXX,50,0002-100015,3/5/2022 0:00,,0.94,1,0,,KG,1,1,,,1,N,0,N,0,1,,,,100,,R01-0-01,,N,0,tiptop,3/5/2022 0:00,abmi600,R01JAT-801,,N,0,,,,,,,,,,,,,,,,0,1,,,PLAST,
33MN08C06XXX,55,0002-100017,3/5/2022 0:00,,1.03,1,0,,KG,1,1,,,0,N,0,N,0,1,,,,100,,R01-0-01,,N,0,tiptop,3/5/2022 0:00,abmi600,R01JAT-801,,N,0,,,,,,,,,,,,,,,,0,1,,,SK 183,
33MN08C06XXX,60,0002-100402,3/5/2022 0:00,,0.00,1,0,,KG,1,1,,,0,N,0,N,0,1,,,,100,,R01-0-01,,N,0,tiptop,3/5/2022 0:00,abmi600,R01JAT-801,,N,0,,,,,,,,,,,,,,,,0,1,,,VIS 1003,
35MN08C06XXX,10,0000-100030,3/5/2022 0:00,,162,1,0,,KG,1,1,,,0,N,0,N,0,1,,,,100,,R01-0-02,,N,0,tiptop,3/5/2022 0:00,abmi600,R01JAT-801,,N,0,,,,,,,,,,,,,,,,0,1,,,WATER,1610
35MN08C06XXX,15,0000-100011,3/5/2022 0:00,,315,1,0,,KG,1,1,,,0,N,0,N,0,1,,,,100,,R01-0-01,,N,0,tiptop,3/5/2022 0:00,abmi600,R01JAT-801,,N,0,,,,,,,,,,,,,,,,0,1,,,SEMEN,
35MN08C06XXX,20,0000-000015,3/5/2022 0:00,,105,1,0,,KG,1,1,,,1,N,0,N,0,1,,,,100,,R01-0-01,,N,0,tiptop,3/5/2022 0:00,abmi600,R01JAT-801,,N,0,,,,,,,,,,,,,,,,0,1,,,FA,
35MN08C06XXX,25,0000-100094,3/5/2022 0:00,,964,1,0,,KG,1,1,,,0,N,0,N,0,1,,,,100,,R01-0-Z0,,N,0,tiptop,3/5/2022 0:00,abmi600,R01JAT-801,,N,0,,,,,,,,,,,,,,,,0,1,,,SAND,
35MN08C06XXX,30,0000-100089,3/5/2022 0:00,,0,1,0,,KG,1,1,,,1,N,0,N,0,1,,,,100,,R01-0-01,,N,0,tiptop,3/5/2022 0:00,abmi600,R01JAT-801,,N,0,,,,,,,,,,,,,,,,0,1,,,MSAND,
35MN08C06XXX,35,0000-100090,3/5/2022 0:00,,756,1,0,,KG,1,1,,,1,N,0,N,0,1,,,,100,,R01-0-01,,N,0,tiptop,3/5/2022 0:00,abmi600,R01JAT-801,,N,0,,,,,,,,,,,,,,,,0,1,,,AGG1,
35MN08C06XXX,40,0000-100091,3/5/2022 0:00,,0,1,0,,KG,1,1,,,0,N,0,N,0,1,,,,100,,R01-0-01,,N,0,tiptop,3/5/2022 0:00,abmi600,R01JAT-801,,N,0,,,,,,,,,,,,,,,,0,1,,,AGG2,
35MN08C06XXX,45,0000-100092,3/5/2022 0:00,,0,1,0,,KG,1,1,,,0,N,0,N,0,1,,,,100,,R01-0-01,,N,0,tiptop,3/5/2022 0:00,abmi600,R01JAT-801,,N,0,,,,,,,,,,,,,,,,0,1,,,AGG3,
35MN08C06XXX,50,0002-100015,3/5/2022 0:00,,0.92,1,0,,KG,1,1,,,1,N,0,N,0,1,,,,100,,R01-0-01,,N,0,tiptop,3/5/2022 0:00,abmi600,R01JAT-801,,N,0,,,,,,,,,,,,,,,,0,1,,,PLAST,
35MN08C06XXX,55,0002-100017,3/5/2022 0:00,,2.02,1,0,,KG,1,1,,,0,N,0,N,0,1,,,,100,,R01-0-01,,N,0,tiptop,3/5/2022 0:00,abmi600,R01JAT-801,,N,0,,,,,,,,,,,,,,,,0,1,,,SK 183,
35MN08C06XXX,60,0002-100402,3/5/2022 0:00,,0.00,1,0,,KG,1,1,,,0,N,0,N,0,1,,,,100,,R01-0-01,,N,0,tiptop,3/5/2022 0:00,abmi600,R01JAT-801,,N,0,,,,,,,,,,,,,,,,0,1,,,VIS 1003,
08MN10C06XXX,10,0000-100030,3/5/2022 0:00,,180,1,0,,KG,1,1,,,0,N,0,N,0,1,,,,100,,R01-0-02,,N,0,tiptop,3/5/2022 0:00,abmi600,R01JAT-801,,N,0,,,,,,,,,,,,,,,,0,1,,,WATER,1611
08MN10C06XXX,15,0000-100011,3/5/2022 0:00,,145,1,0,,KG,1,1,,,0,N,0,N,0,1,,,,100,,R01-0-01,,N,0,tiptop,3/5/2022 0:00,abmi600,R01JAT-801,,N,0,,,,,,,,,,,,,,,,0,1,,,SEMEN,
08MN10C06XXX,20,0000-000015,3/5/2022 0:00,,48,1,0,,KG,1,1,,,1,N,0,N,0,1,,,,100,,R01-0-01,,N,0,tiptop,3/5/2022 0:00,abmi600,R01JAT-801,,N,0,,,,,,,,,,,,,,,,0,1,,,FA,
08MN10C06XXX,25,0000-100094,3/5/2022 0:00,,1133,1,0,,KG,1,1,,,0,N,0,N,0,1,,,,100,,R01-0-Z0,,N,0,tiptop,3/5/2022 0:00,abmi600,R01JAT-801,,N,0,,,,,,,,,,,,,,,,0,1,,,SAND,
08MN10C06XXX,30,0000-100089,3/5/2022 0:00,,0,1,0,,KG,1,1,,,1,N,0,N,0,1,,,,100,,R01-0-01,,N,0,tiptop,3/5/2022 0:00,abmi600,R01JAT-801,,N,0,,,,,,,,,,,,,,,,0,1,,,MSAND,
08MN10C06XXX,35,0000-100090,3/5/2022 0:00,,756,1,0,,KG,1,1,,,1,N,0,N,0,1,,,,100,,R01-0-01,,N,0,tiptop,3/5/2022 0:00,abmi600,R01JAT-801,,N,0,,,,,,,,,,,,,,,,0,1,,,AGG1,
08MN10C06XXX,40,0000-100091,3/5/2022 0:00,,0,1,0,,KG,1,1,,,0,N,0,N,0,1,,,,100,,R01-0-01,,N,0,tiptop,3/5/2022 0:00,abmi600,R01JAT-801,,N,0,,,,,,,,,,,,,,,,0,1,,,AGG2,
08MN10C06XXX,45,0000-100092,3/5/2022 0:00,,0,1,0,,KG,1,1,,,0,N,0,N,0,1,,,,100,,R01-0-01,,N,0,tiptop,3/5/2022 0:00,abmi600,R01JAT-801,,N,0,,,,,,,,,,,,,,,,0,1,,,AGG3,
08MN10C06XXX,50,0002-100015,3/5/2022 0:00,,0.43,1,0,,KG,1,1,,,1,N,0,N,0,1,,,,100,,R01-0-01,,N,0,tiptop,3/5/2022 0:00,abmi600,R01JAT-801,,N,0,,,,,,,,,,,,,,,,0,1,,,PLAST,
08MN10C06XXX,55,0002-100017,3/5/2022 0:00,,0.00,1,0,,KG,1,1,,,0,N,0,N,0,1,,,,100,,R01-0-01,,N,0,tiptop,3/5/2022 0:00,abmi600,R01JAT-801,,N,0,,,,,,,,,,,,,,,,0,1,,,SK 183,
08MN10C06XXX,60,0002-100402,3/5/2022 0:00,,0.00,1,0,,KG,1,1,,,0,N,0,N,0,1,,,,100,,R01-0-01,,N,0,tiptop,3/5/2022 0:00,abmi600,R01JAT-801,,N,0,,,,,,,,,,,,,,,,0,1,,,VIS 1003,
10MN10C06XXX,10,0000-100030,3/5/2022 0:00,,180,1,0,,KG,1,1,,,0,N,0,N,0,1,,,,100,,R01-0-02,,N,0,tiptop,3/5/2022 0:00,abmi600,R01JAT-801,,N,0,,,,,,,,,,,,,,,,0,1,,,WATER,1612
10MN10C06XXX,15,0000-100011,3/5/2022 0:00,,159,1,0,,KG,1,1,,,0,N,0,N,0,1,,,,100,,R01-0-01,,N,0,tiptop,3/5/2022 0:00,abmi600,R01JAT-801,,N,0,,,,,,,,,,,,,,,,0,1,,,SEMEN,
10MN10C06XXX,20,0000-000015,3/5/2022 0:00,,53,1,0,,KG,1,1,,,1,N,0,N,0,1,,,,100,,R01-0-01,,N,0,tiptop,3/5/2022 0:00,abmi600,R01JAT-801,,N,0,,,,,,,,,,,,,,,,0,1,,,FA,
10MN10C06XXX,25,0000-100094,3/5/2022 0:00,,1116,1,0,,KG,1,1,,,0,N,0,N,0,1,,,,100,,R01-0-Z0,,N,0,tiptop,3/5/2022 0:00,abmi600,R01JAT-801,,N,0,,,,,,,,,,,,,,,,0,1,,,SAND,
10MN10C06XXX,30,0000-100089,3/5/2022 0:00,,0,1,0,,KG,1,1,,,1,N,0,N,0,1,,,,100,,R01-0-01,,N,0,tiptop,3/5/2022 0:00,abmi600,R01JAT-801,,N,0,,,,,,,,,,,,,,,,0,1,,,MSAND,
10MN10C06XXX,35,0000-100090,3/5/2022 0:00,,756,1,0,,KG,1,1,,,1,N,0,N,0,1,,,,100,,R01-0-01,,N,0,tiptop,3/5/2022 0:00,abmi600,R01JAT-801,,N,0,,,,,,,,,,,,,,,,0,1,,,AGG1,
10MN10C06XXX,40,0000-100091,3/5/2022 0:00,,0,1,0,,KG,1,1,,,0,N,0,N,0,1,,,,100,,R01-0-01,,N,0,tiptop,3/5/2022 0:00,abmi600,R01JAT-801,,N,0,,,,,,,,,,,,,,,,0,1,,,AGG2,
10MN10C06XXX,45,0000-100092,3/5/2022 0:00,,0,1,0,,KG,1,1,,,0,N,0,N,0,1,,,,100,,R01-0-01,,N,0,tiptop,3/5/2022 0:00,abmi600,R01JAT-801,,N,0,,,,,,,,,,,,,,,,0,1,,,AGG3,
10MN10C06XXX,50,0002-100015,3/5/2022 0:00,,0.47,1,0,,KG,1,1,,,1,N,0,N,0,1,,,,100,,R01-0-01,,N,0,tiptop,3/5/2022 0:00,abmi600,R01JAT-801,,N,0,,,,,,,,,,,,,,,,0,1,,,PLAST,
10MN10C06XXX,55,0002-100017,3/5/2022 0:00,,0.00,1,0,,KG,1,1,,,0,N,0,N,0,1,,,,100,,R01-0-01,,N,0,tiptop,3/5/2022 0:00,abmi600,R01JAT-801,,N,0,,,,,,,,,,,,,,,,0,1,,,SK 183,
10MN10C06XXX,60,0002-100402,3/5/2022 0:00,,0.00,1,0,,KG,1,1,,,0,N,0,N,0,1,,,,100,,R01-0-01,,N,0,tiptop,3/5/2022 0:00,abmi600,R01JAT-801,,N,0,,,,,,,,,,,,,,,,0,1,,,VIS 1003,
12MN10C06XXX,10,0000-100030,3/5/2022 0:00,,180,1,0,,KG,1,1,,,0,N,0,N,0,1,,,,100,,R01-0-02,,N,0,tiptop,3/5/2022 0:00,abmi600,R01JAT-801,,N,0,,,,,,,,,,,,,,,,0,1,,,WATER,1613
12MN10C06XXX,15,0000-100011,3/5/2022 0:00,,173,1,0,,KG,1,1,,,0,N,0,N,0,1,,,,100,,R01-0-01,,N,0,tiptop,3/5/2022 0:00,abmi600,R01JAT-801,,N,0,,,,,,,,,,,,,,,,0,1,,,SEMEN,
12MN10C06XXX,20,0000-000015,3/5/2022 0:00,,58,1,0,,KG,1,1,,,1,N,0,N,0,1,,,,100,,R01-0-01,,N,0,tiptop,3/5/2022 0:00,abmi600,R01JAT-801,,N,0,,,,,,,,,,,,,,,,0,1,,,FA,
12MN10C06XXX,25,0000-100094,3/5/2022 0:00,,1099,1,0,,KG,1,1,,,0,N,0,N,0,1,,,,100,,R01-0-Z0,,N,0,tiptop,3/5/2022 0:00,abmi600,R01JAT-801,,N,0,,,,,,,,,,,,,,,,0,1,,,SAND,
12MN10C06XXX,30,0000-100089,3/5/2022 0:00,,0,1,0,,KG,1,1,,,1,N,0,N,0,1,,,,100,,R01-0-01,,N,0,tiptop,3/5/2022 0:00,abmi600,R01JAT-801,,N,0,,,,,,,,,,,,,,,,0,1,,,MSAND,
12MN10C06XXX,35,0000-100090,3/5/2022 0:00,,756,1,0,,KG,1,1,,,1,N,0,N,0,1,,,,100,,R01-0-01,,N,0,tiptop,3/5/2022 0:00,abmi600,R01JAT-801,,N,0,,,,,,,,,,,,,,,,0,1,,,AGG1,
12MN10C06XXX,40,0000-100091,3/5/2022 0:00,,0,1,0,,KG,1,1,,,0,N,0,N,0,1,,,,100,,R01-0-01,,N,0,tiptop,3/5/2022 0:00,abmi600,R01JAT-801,,N,0,,,,,,,,,,,,,,,,0,1,,,AGG2,
12MN10C06XXX,45,0000-100092,3/5/2022 0:00,,0,1,0,,KG,1,1,,,0,N,0,N,0,1,,,,100,,R01-0-01,,N,0,tiptop,3/5/2022 0:00,abmi600,R01JAT-801,,N,0,,,,,,,,,,,,,,,,0,1,,,AGG3,
12MN10C06XXX,50,0002-100015,3/5/2022 0:00,,0.51,1,0,,KG,1,1,,,1,N,0,N,0,1,,,,100,,R01-0-01,,N,0,tiptop,3/5/2022 0:00,abmi600,R01JAT-801,,N,0,,,,,,,,,,,,,,,,0,1,,,PLAST,
12MN10C06XXX,55,0002-100017,3/5/2022 0:00,,0.00,1,0,,KG,1,1,,,0,N,0,N,0,1,,,,100,,R01-0-01,,N,0,tiptop,3/5/2022 0:00,abmi600,R01JAT-801,,N,0,,,,,,,,,,,,,,,,0,1,,,SK 183,
12MN10C06XXX,60,0002-100402,3/5/2022 0:00,,0.00,1,0,,KG,1,1,,,0,N,0,N,0,1,,,,100,,R01-0-01,,N,0,tiptop,3/5/2022 0:00,abmi600,R01JAT-801,,N,0,,,,,,,,,,,,,,,,0,1,,,VIS 1003,
14MN10C06XXX,10,0000-100030,3/5/2022 0:00,,180,1,0,,KG,1,1,,,0,N,0,N,0,1,,,,100,,R01-0-02,,N,0,tiptop,3/5/2022 0:00,abmi600,R01JAT-801,,N,0,,,,,,,,,,,,,,,,0,1,,,WATER,1614
14MN10C06XXX,15,0000-100011,3/5/2022 0:00,,187,1,0,,KG,1,1,,,0,N,0,N,0,1,,,,100,,R01-0-01,,N,0,tiptop,3/5/2022 0:00,abmi600,R01JAT-801,,N,0,,,,,,,,,,,,,,,,0,1,,,SEMEN,
14MN10C06XXX,20,0000-000015,3/5/2022 0:00,,62,1,0,,KG,1,1,,,1,N,0,N,0,1,,,,100,,R01-0-01,,N,0,tiptop,3/5/2022 0:00,abmi600,R01JAT-801,,N,0,,,,,,,,,,,,,,,,0,1,,,FA,
14MN10C06XXX,25,0000-100094,3/5/2022 0:00,,1082,1,0,,KG,1,1,,,0,N,0,N,0,1,,,,100,,R01-0-Z0,,N,0,tiptop,3/5/2022 0:00,abmi600,R01JAT-801,,N,0,,,,,,,,,,,,,,,,0,1,,,SAND,
14MN10C06XXX,30,0000-100089,3/5/2022 0:00,,0,1,0,,KG,1,1,,,1,N,0,N,0,1,,,,100,,R01-0-01,,N,0,tiptop,3/5/2022 0:00,abmi600,R01JAT-801,,N,0,,,,,,,,,,,,,,,,0,1,,,MSAND,
14MN10C06XXX,35,0000-100090,3/5/2022 0:00,,756,1,0,,KG,1,1,,,1,N,0,N,0,1,,,,100,,R01-0-01,,N,0,tiptop,3/5/2022 0:00,abmi600,R01JAT-801,,N,0,,,,,,,,,,,,,,,,0,1,,,AGG1,
14MN10C06XXX,40,0000-100091,3/5/2022 0:00,,0,1,0,,KG,1,1,,,0,N,0,N,0,1,,,,100,,R01-0-01,,N,0,tiptop,3/5/2022 0:00,abmi600,R01JAT-801,,N,0,,,,,,,,,,,,,,,,0,1,,,AGG2,
14MN10C06XXX,45,0000-100092,3/5/2022 0:00,,0,1,0,,KG,1,1,,,0,N,0,N,0,1,,,,100,,R01-0-01,,N,0,tiptop,3/5/2022 0:00,abmi600,R01JAT-801,,N,0,,,,,,,,,,,,,,,,0,1,,,AGG3,
14MN10C06XXX,50,0002-100015,3/5/2022 0:00,,0.55,1,0,,KG,1,1,,,1,N,0,N,0,1,,,,100,,R01-0-01,,N,0,tiptop,3/5/2022 0:00,abmi600,R01JAT-801,,N,0,,,,,,,,,,,,,,,,0,1,,,PLAST,
14MN10C06XXX,55,0002-100017,3/5/2022 0:00,,0.00,1,0,,KG,1,1,,,0,N,0,N,0,1,,,,100,,R01-0-01,,N,0,tiptop,3/5/2022 0:00,abmi600,R01JAT-801,,N,0,,,,,,,,,,,,,,,,0,1,,,SK 183,
14MN10C06XXX,60,0002-100402,3/5/2022 0:00,,0.00,1,0,,KG,1,1,,,0,N,0,N,0,1,,,,100,,R01-0-01,,N,0,tiptop,3/5/2022 0:00,abmi600,R01JAT-801,,N,0,,,,,,,,,,,,,,,,0,1,,,VIS 1003,
16MN10C06XXX,10,0000-100030,3/5/2022 0:00,,180,1,0,,KG,1,1,,,0,N,0,N,0,1,,,,100,,R01-0-02,,N,0,tiptop,3/5/2022 0:00,abmi600,R01JAT-801,,N,0,,,,,,,,,,,,,,,,0,1,,,WATER,1615
16MN10C06XXX,15,0000-100011,3/5/2022 0:00,,200,1,0,,KG,1,1,,,0,N,0,N,0,1,,,,100,,R01-0-01,,N,0,tiptop,3/5/2022 0:00,abmi600,R01JAT-801,,N,0,,,,,,,,,,,,,,,,0,1,,,SEMEN,
16MN10C06XXX,20,0000-000015,3/5/2022 0:00,,67,1,0,,KG,1,1,,,1,N,0,N,0,1,,,,100,,R01-0-01,,N,0,tiptop,3/5/2022 0:00,abmi600,R01JAT-801,,N,0,,,,,,,,,,,,,,,,0,1,,,FA,
16MN10C06XXX,25,0000-100094,3/5/2022 0:00,,1065,1,0,,KG,1,1,,,0,N,0,N,0,1,,,,100,,R01-0-Z0,,N,0,tiptop,3/5/2022 0:00,abmi600,R01JAT-801,,N,0,,,,,,,,,,,,,,,,0,1,,,SAND,
16MN10C06XXX,30,0000-100089,3/5/2022 0:00,,0,1,0,,KG,1,1,,,1,N,0,N,0,1,,,,100,,R01-0-01,,N,0,tiptop,3/5/2022 0:00,abmi600,R01JAT-801,,N,0,,,,,,,,,,,,,,,,0,1,,,MSAND,
16MN10C06XXX,35,0000-100090,3/5/2022 0:00,,756,1,0,,KG,1,1,,,1,N,0,N,0,1,,,,100,,R01-0-01,,N,0,tiptop,3/5/2022 0:00,abmi600,R01JAT-801,,N,0,,,,,,,,,,,,,,,,0,1,,,AGG1,
16MN10C06XXX,40,0000-100091,3/5/2022 0:00,,0,1,0,,KG,1,1,,,0,N,0,N,0,1,,,,100,,R01-0-01,,N,0,tiptop,3/5/2022 0:00,abmi600,R01JAT-801,,N,0,,,,,,,,,,,,,,,,0,1,,,AGG2,
16MN10C06XXX,45,0000-100092,3/5/2022 0:00,,0,1,0,,KG,1,1,,,0,N,0,N,0,1,,,,100,,R01-0-01,,N,0,tiptop,3/5/2022 0:00,abmi600,R01JAT-801,,N,0,,,,,,,,,,,,,,,,0,1,,,AGG3,
16MN10C06XXX,50,0002-100015,3/5/2022 0:00,,0.59,1,0,,KG,1,1,,,1,N,0,N,0,1,,,,100,,R01-0-01,,N,0,tiptop,3/5/2022 0:00,abmi600,R01JAT-801,,N,0,,,,,,,,,,,,,,,,0,1,,,PLAST,
16MN10C06XXX,55,0002-100017,3/5/2022 0:00,,0.00,1,0,,KG,1,1,,,0,N,0,N,0,1,,,,100,,R01-0-01,,N,0,tiptop,3/5/2022 0:00,abmi600,R01JAT-801,,N,0,,,,,,,,,,,,,,,,0,1,,,SK 183,
16MN10C06XXX,60,0002-100402,3/5/2022 0:00,,0.00,1,0,,KG,1,1,,,0,N,0,N,0,1,,,,100,,R01-0-01,,N,0,tiptop,3/5/2022 0:00,abmi600,R01JAT-801,,N,0,,,,,,,,,,,,,,,,0,1,,,VIS 1003,
18MN10C06XXX,10,0000-100030,3/5/2022 0:00,,180,1,0,,KG,1,1,,,0,N,0,N,0,1,,,,100,,R01-0-02,,N,0,tiptop,3/5/2022 0:00,abmi600,R01JAT-801,,N,0,,,,,,,,,,,,,,,,0,1,,,WATER,1616
18MN10C06XXX,15,0000-100011,3/5/2022 0:00,,214,1,0,,KG,1,1,,,0,N,0,N,0,1,,,,100,,R01-0-01,,N,0,tiptop,3/5/2022 0:00,abmi600,R01JAT-801,,N,0,,,,,,,,,,,,,,,,0,1,,,SEMEN,
18MN10C06XXX,20,0000-000015,3/5/2022 0:00,,71,1,0,,KG,1,1,,,1,N,0,N,0,1,,,,100,,R01-0-01,,N,0,tiptop,3/5/2022 0:00,abmi600,R01JAT-801,,N,0,,,,,,,,,,,,,,,,0,1,,,FA,
18MN10C06XXX,25,0000-100094,3/5/2022 0:00,,1048,1,0,,KG,1,1,,,0,N,0,N,0,1,,,,100,,R01-0-Z0,,N,0,tiptop,3/5/2022 0:00,abmi600,R01JAT-801,,N,0,,,,,,,,,,,,,,,,0,1,,,SAND,
18MN10C06XXX,30,0000-100089,3/5/2022 0:00,,0,1,0,,KG,1,1,,,1,N,0,N,0,1,,,,100,,R01-0-01,,N,0,tiptop,3/5/2022 0:00,abmi600,R01JAT-801,,N,0,,,,,,,,,,,,,,,,0,1,,,MSAND,
18MN10C06XXX,35,0000-100090,3/5/2022 0:00,,756,1,0,,KG,1,1,,,1,N,0,N,0,1,,,,100,,R01-0-01,,N,0,tiptop,3/5/2022 0:00,abmi600,R01JAT-801,,N,0,,,,,,,,,,,,,,,,0,1,,,AGG1,
18MN10C06XXX,40,0000-100091,3/5/2022 0:00,,0,1,0,,KG,1,1,,,0,N,0,N,0,1,,,,100,,R01-0-01,,N,0,tiptop,3/5/2022 0:00,abmi600,R01JAT-801,,N,0,,,,,,,,,,,,,,,,0,1,,,AGG2,
18MN10C06XXX,45,0000-100092,3/5/2022 0:00,,0,1,0,,KG,1,1,,,0,N,0,N,0,1,,,,100,,R01-0-01,,N,0,tiptop,3/5/2022 0:00,abmi600,R01JAT-801,,N,0,,,,,,,,,,,,,,,,0,1,,,AGG3,
18MN10C06XXX,50,0002-100015,3/5/2022 0:00,,0.63,1,0,,KG,1,1,,,1,N,0,N,0,1,,,,100,,R01-0-01,,N,0,tiptop,3/5/2022 0:00,abmi600,R01JAT-801,,N,0,,,,,,,,,,,,,,,,0,1,,,PLAST,
18MN10C06XXX,55,0002-100017,3/5/2022 0:00,,0.00,1,0,,KG,1,1,,,0,N,0,N,0,1,,,,100,,R01-0-01,,N,0,tiptop,3/5/2022 0:00,abmi600,R01JAT-801,,N,0,,,,,,,,,,,,,,,,0,1,,,SK 183,
18MN10C06XXX,60,0002-100402,3/5/2022 0:00,,0.00,1,0,,KG,1,1,,,0,N,0,N,0,1,,,,100,,R01-0-01,,N,0,tiptop,3/5/2022 0:00,abmi600,R01JAT-801,,N,0,,,,,,,,,,,,,,,,0,1,,,VIS 1003,
20MN10C06XXX,10,0000-100030,3/5/2022 0:00,,180,1,0,,KG,1,1,,,0,N,0,N,0,1,,,,100,,R01-0-02,,N,0,tiptop,3/5/2022 0:00,abmi600,R01JAT-801,,N,0,,,,,,,,,,,,,,,,0,1,,,WATER,1617
20MN10C06XXX,15,0000-100011,3/5/2022 0:00,,228,1,0,,KG,1,1,,,0,N,0,N,0,1,,,,100,,R01-0-01,,N,0,tiptop,3/5/2022 0:00,abmi600,R01JAT-801,,N,0,,,,,,,,,,,,,,,,0,1,,,SEMEN,
20MN10C06XXX,20,0000-000015,3/5/2022 0:00,,76,1,0,,KG,1,1,,,1,N,0,N,0,1,,,,100,,R01-0-01,,N,0,tiptop,3/5/2022 0:00,abmi600,R01JAT-801,,N,0,,,,,,,,,,,,,,,,0,1,,,FA,
20MN10C06XXX,25,0000-100094,3/5/2022 0:00,,1031,1,0,,KG,1,1,,,0,N,0,N,0,1,,,,100,,R01-0-Z0,,N,0,tiptop,3/5/2022 0:00,abmi600,R01JAT-801,,N,0,,,,,,,,,,,,,,,,0,1,,,SAND,
20MN10C06XXX,30,0000-100089,3/5/2022 0:00,,0,1,0,,KG,1,1,,,1,N,0,N,0,1,,,,100,,R01-0-01,,N,0,tiptop,3/5/2022 0:00,abmi600,R01JAT-801,,N,0,,,,,,,,,,,,,,,,0,1,,,MSAND,
20MN10C06XXX,35,0000-100090,3/5/2022 0:00,,756,1,0,,KG,1,1,,,1,N,0,N,0,1,,,,100,,R01-0-01,,N,0,tiptop,3/5/2022 0:00,abmi600,R01JAT-801,,N,0,,,,,,,,,,,,,,,,0,1,,,AGG1,
20MN10C06XXX,40,0000-100091,3/5/2022 0:00,,0,1,0,,KG,1,1,,,0,N,0,N,0,1,,,,100,,R01-0-01,,N,0,tiptop,3/5/2022 0:00,abmi600,R01JAT-801,,N,0,,,,,,,,,,,,,,,,0,1,,,AGG2,
20MN10C06XXX,45,0000-100092,3/5/2022 0:00,,0,1,0,,KG,1,1,,,0,N,0,N,0,1,,,,100,,R01-0-01,,N,0,tiptop,3/5/2022 0:00,abmi600,R01JAT-801,,N,0,,,,,,,,,,,,,,,,0,1,,,AGG3,
20MN10C06XXX,50,0002-100015,3/5/2022 0:00,,0.67,1,0,,KG,1,1,,,1,N,0,N,0,1,,,,100,,R01-0-01,,N,0,tiptop,3/5/2022 0:00,abmi600,R01JAT-801,,N,0,,,,,,,,,,,,,,,,0,1,,,PLAST,
20MN10C06XXX,55,0002-100017,3/5/2022 0:00,,0.00,1,0,,KG,1,1,,,0,N,0,N,0,1,,,,100,,R01-0-01,,N,0,tiptop,3/5/2022 0:00,abmi600,R01JAT-801,,N,0,,,,,,,,,,,,,,,,0,1,,,SK 183,
20MN10C06XXX,60,0002-100402,3/5/2022 0:00,,0.00,1,0,,KG,1,1,,,0,N,0,N,0,1,,,,100,,R01-0-01,,N,0,tiptop,3/5/2022 0:00,abmi600,R01JAT-801,,N,0,,,,,,,,,,,,,,,,0,1,,,VIS 1003,
22MN10C06XXX,10,0000-100030,3/5/2022 0:00,,178,1,0,,KG,1,1,,,0,N,0,N,0,1,,,,100,,R01-0-02,,N,0,tiptop,3/5/2022 0:00,abmi600,R01JAT-801,,N,0,,,,,,,,,,,,,,,,0,1,,,WATER,1618
22MN10C06XXX,15,0000-100011,3/5/2022 0:00,,239,1,0,,KG,1,1,,,0,N,0,N,0,1,,,,100,,R01-0-01,,N,0,tiptop,3/5/2022 0:00,abmi600,R01JAT-801,,N,0,,,,,,,,,,,,,,,,0,1,,,SEMEN,
22MN10C06XXX,20,0000-000015,3/5/2022 0:00,,80,1,0,,KG,1,1,,,1,N,0,N,0,1,,,,100,,R01-0-01,,N,0,tiptop,3/5/2022 0:00,abmi600,R01JAT-801,,N,0,,,,,,,,,,,,,,,,0,1,,,FA,
22MN10C06XXX,25,0000-100094,3/5/2022 0:00,,1020,1,0,,KG,1,1,,,0,N,0,N,0,1,,,,100,,R01-0-Z0,,N,0,tiptop,3/5/2022 0:00,abmi600,R01JAT-801,,N,0,,,,,,,,,,,,,,,,0,1,,,SAND,
22MN10C06XXX,30,0000-100089,3/5/2022 0:00,,0,1,0,,KG,1,1,,,1,N,0,N,0,1,,,,100,,R01-0-01,,N,0,tiptop,3/5/2022 0:00,abmi600,R01JAT-801,,N,0,,,,,,,,,,,,,,,,0,1,,,MSAND,
22MN10C06XXX,35,0000-100090,3/5/2022 0:00,,756,1,0,,KG,1,1,,,1,N,0,N,0,1,,,,100,,R01-0-01,,N,0,tiptop,3/5/2022 0:00,abmi600,R01JAT-801,,N,0,,,,,,,,,,,,,,,,0,1,,,AGG1,
22MN10C06XXX,40,0000-100091,3/5/2022 0:00,,0,1,0,,KG,1,1,,,0,N,0,N,0,1,,,,100,,R01-0-01,,N,0,tiptop,3/5/2022 0:00,abmi600,R01JAT-801,,N,0,,,,,,,,,,,,,,,,0,1,,,AGG2,
22MN10C06XXX,45,0000-100092,3/5/2022 0:00,,0,1,0,,KG,1,1,,,0,N,0,N,0,1,,,,100,,R01-0-01,,N,0,tiptop,3/5/2022 0:00,abmi600,R01JAT-801,,N,0,,,,,,,,,,,,,,,,0,1,,,AGG3,
22MN10C06XXX,50,0002-100015,3/5/2022 0:00,,0.70,1,0,,KG,1,1,,,1,N,0,N,0,1,,,,100,,R01-0-01,,N,0,tiptop,3/5/2022 0:00,abmi600,R01JAT-801,,N,0,,,,,,,,,,,,,,,,0,1,,,PLAST,
22MN10C06XXX,55,0002-100017,3/5/2022 0:00,,0.77,1,0,,KG,1,1,,,0,N,0,N,0,1,,,,100,,R01-0-01,,N,0,tiptop,3/5/2022 0:00,abmi600,R01JAT-801,,N,0,,,,,,,,,,,,,,,,0,1,,,SK 183,
22MN10C06XXX,60,0002-100402,3/5/2022 0:00,,0.00,1,0,,KG,1,1,,,0,N,0,N,0,1,,,,100,,R01-0-01,,N,0,tiptop,3/5/2022 0:00,abmi600,R01JAT-801,,N,0,,,,,,,,,,,,,,,,0,1,,,VIS 1003,
25MN10C06XXX,10,0000-100030,3/5/2022 0:00,,178,1,0,,KG,1,1,,,0,N,0,N,0,1,,,,100,,R01-0-02,,N,0,tiptop,3/5/2022 0:00,abmi600,R01JAT-801,,N,0,,,,,,,,,,,,,,,,0,1,,,WATER,1619
25MN10C06XXX,15,0000-100011,3/5/2022 0:00,,261,1,0,,KG,1,1,,,0,N,0,N,0,1,,,,100,,R01-0-01,,N,0,tiptop,3/5/2022 0:00,abmi600,R01JAT-801,,N,0,,,,,,,,,,,,,,,,0,1,,,SEMEN,
25MN10C06XXX,20,0000-000015,3/5/2022 0:00,,87,1,0,,KG,1,1,,,1,N,0,N,0,1,,,,100,,R01-0-01,,N,0,tiptop,3/5/2022 0:00,abmi600,R01JAT-801,,N,0,,,,,,,,,,,,,,,,0,1,,,FA,
25MN10C06XXX,25,0000-100094,3/5/2022 0:00,,993,1,0,,KG,1,1,,,0,N,0,N,0,1,,,,100,,R01-0-Z0,,N,0,tiptop,3/5/2022 0:00,abmi600,R01JAT-801,,N,0,,,,,,,,,,,,,,,,0,1,,,SAND,
25MN10C06XXX,30,0000-100089,3/5/2022 0:00,,0,1,0,,KG,1,1,,,1,N,0,N,0,1,,,,100,,R01-0-01,,N,0,tiptop,3/5/2022 0:00,abmi600,R01JAT-801,,N,0,,,,,,,,,,,,,,,,0,1,,,MSAND,
25MN10C06XXX,35,0000-100090,3/5/2022 0:00,,756,1,0,,KG,1,1,,,1,N,0,N,0,1,,,,100,,R01-0-01,,N,0,tiptop,3/5/2022 0:00,abmi600,R01JAT-801,,N,0,,,,,,,,,,,,,,,,0,1,,,AGG1,
25MN10C06XXX,40,0000-100091,3/5/2022 0:00,,0,1,0,,KG,1,1,,,0,N,0,N,0,1,,,,100,,R01-0-01,,N,0,tiptop,3/5/2022 0:00,abmi600,R01JAT-801,,N,0,,,,,,,,,,,,,,,,0,1,,,AGG2,
25MN10C06XXX,45,0000-100092,3/5/2022 0:00,,0,1,0,,KG,1,1,,,0,N,0,N,0,1,,,,100,,R01-0-01,,N,0,tiptop,3/5/2022 0:00,abmi600,R01JAT-801,,N,0,,,,,,,,,,,,,,,,0,1,,,AGG3,
25MN10C06XXX,50,0002-100015,3/5/2022 0:00,,0.77,1,0,,KG,1,1,,,1,N,0,N,0,1,,,,100,,R01-0-01,,N,0,tiptop,3/5/2022 0:00,abmi600,R01JAT-801,,N,0,,,,,,,,,,,,,,,,0,1,,,PLAST,
25MN10C06XXX,55,0002-100017,3/5/2022 0:00,,0.84,1,0,,KG,1,1,,,0,N,0,N,0,1,,,,100,,R01-0-01,,N,0,tiptop,3/5/2022 0:00,abmi600,R01JAT-801,,N,0,,,,,,,,,,,,,,,,0,1,,,SK 183,
25MN10C06XXX,60,0002-100402,3/5/2022 0:00,,0.00,1,0,,KG,1,1,,,0,N,0,N,0,1,,,,100,,R01-0-01,,N,0,tiptop,3/5/2022 0:00,abmi600,R01JAT-801,,N,0,,,,,,,,,,,,,,,,0,1,,,VIS 1003,
27MN10C06XXX,10,0000-100030,3/5/2022 0:00,,178,1,0,,KG,1,1,,,0,N,0,N,0,1,,,,100,,R01-0-02,,N,0,tiptop,3/5/2022 0:00,abmi600,R01JAT-801,,N,0,,,,,,,,,,,,,,,,0,1,,,WATER,1620
27MN10C06XXX,15,0000-100011,3/5/2022 0:00,,277,1,0,,KG,1,1,,,0,N,0,N,0,1,,,,100,,R01-0-01,,N,0,tiptop,3/5/2022 0:00,abmi600,R01JAT-801,,N,0,,,,,,,,,,,,,,,,0,1,,,SEMEN,
27MN10C06XXX,20,0000-000015,3/5/2022 0:00,,92,1,0,,KG,1,1,,,1,N,0,N,0,1,,,,100,,R01-0-01,,N,0,tiptop,3/5/2022 0:00,abmi600,R01JAT-801,,N,0,,,,,,,,,,,,,,,,0,1,,,FA,
27MN10C06XXX,25,0000-100094,3/5/2022 0:00,,974,1,0,,KG,1,1,,,0,N,0,N,0,1,,,,100,,R01-0-Z0,,N,0,tiptop,3/5/2022 0:00,abmi600,R01JAT-801,,N,0,,,,,,,,,,,,,,,,0,1,,,SAND,
27MN10C06XXX,30,0000-100089,3/5/2022 0:00,,0,1,0,,KG,1,1,,,1,N,0,N,0,1,,,,100,,R01-0-01,,N,0,tiptop,3/5/2022 0:00,abmi600,R01JAT-801,,N,0,,,,,,,,,,,,,,,,0,1,,,MSAND,
27MN10C06XXX,35,0000-100090,3/5/2022 0:00,,756,1,0,,KG,1,1,,,1,N,0,N,0,1,,,,100,,R01-0-01,,N,0,tiptop,3/5/2022 0:00,abmi600,R01JAT-801,,N,0,,,,,,,,,,,,,,,,0,1,,,AGG1,
27MN10C06XXX,40,0000-100091,3/5/2022 0:00,,0,1,0,,KG,1,1,,,0,N,0,N,0,1,,,,100,,R01-0-01,,N,0,tiptop,3/5/2022 0:00,abmi600,R01JAT-801,,N,0,,,,,,,,,,,,,,,,0,1,,,AGG2,
27MN10C06XXX,45,0000-100092,3/5/2022 0:00,,0,1,0,,KG,1,1,,,0,N,0,N,0,1,,,,100,,R01-0-01,,N,0,tiptop,3/5/2022 0:00,abmi600,R01JAT-801,,N,0,,,,,,,,,,,,,,,,0,1,,,AGG3,
27MN10C06XXX,50,0002-100015,3/5/2022 0:00,,0.81,1,0,,KG,1,1,,,1,N,0,N,0,1,,,,100,,R01-0-01,,N,0,tiptop,3/5/2022 0:00,abmi600,R01JAT-801,,N,0,,,,,,,,,,,,,,,,0,1,,,PLAST,
27MN10C06XXX,55,0002-100017,3/5/2022 0:00,,0.89,1,0,,KG,1,1,,,0,N,0,N,0,1,,,,100,,R01-0-01,,N,0,tiptop,3/5/2022 0:00,abmi600,R01JAT-801,,N,0,,,,,,,,,,,,,,,,0,1,,,SK 183,
27MN10C06XXX,60,0002-100402,3/5/2022 0:00,,0.00,1,0,,KG,1,1,,,0,N,0,N,0,1,,,,100,,R01-0-01,,N,0,tiptop,3/5/2022 0:00,abmi600,R01JAT-801,,N,0,,,,,,,,,,,,,,,,0,1,,,VIS 1003,
30MN10C06XXX,10,0000-100030,3/5/2022 0:00,,178,1,0,,KG,1,1,,,0,N,0,N,0,1,,,,100,,R01-0-02,,N,0,tiptop,3/5/2022 0:00,abmi600,R01JAT-801,,N,0,,,,,,,,,,,,,,,,0,1,,,WATER,1621
30MN10C06XXX,15,0000-100011,3/5/2022 0:00,,301,1,0,,KG,1,1,,,0,N,0,N,0,1,,,,100,,R01-0-01,,N,0,tiptop,3/5/2022 0:00,abmi600,R01JAT-801,,N,0,,,,,,,,,,,,,,,,0,1,,,SEMEN,
30MN10C06XXX,20,0000-000015,3/5/2022 0:00,,100,1,0,,KG,1,1,,,1,N,0,N,0,1,,,,100,,R01-0-01,,N,0,tiptop,3/5/2022 0:00,abmi600,R01JAT-801,,N,0,,,,,,,,,,,,,,,,0,1,,,FA,
30MN10C06XXX,25,0000-100094,3/5/2022 0:00,,944,1,0,,KG,1,1,,,0,N,0,N,0,1,,,,100,,R01-0-Z0,,N,0,tiptop,3/5/2022 0:00,abmi600,R01JAT-801,,N,0,,,,,,,,,,,,,,,,0,1,,,SAND,
30MN10C06XXX,30,0000-100089,3/5/2022 0:00,,0,1,0,,KG,1,1,,,1,N,0,N,0,1,,,,100,,R01-0-01,,N,0,tiptop,3/5/2022 0:00,abmi600,R01JAT-801,,N,0,,,,,,,,,,,,,,,,0,1,,,MSAND,
30MN10C06XXX,35,0000-100090,3/5/2022 0:00,,756,1,0,,KG,1,1,,,1,N,0,N,0,1,,,,100,,R01-0-01,,N,0,tiptop,3/5/2022 0:00,abmi600,R01JAT-801,,N,0,,,,,,,,,,,,,,,,0,1,,,AGG1,
30MN10C06XXX,40,0000-100091,3/5/2022 0:00,,0,1,0,,KG,1,1,,,0,N,0,N,0,1,,,,100,,R01-0-01,,N,0,tiptop,3/5/2022 0:00,abmi600,R01JAT-801,,N,0,,,,,,,,,,,,,,,,0,1,,,AGG2,
30MN10C06XXX,45,0000-100092,3/5/2022 0:00,,0,1,0,,KG,1,1,,,0,N,0,N,0,1,,,,100,,R01-0-01,,N,0,tiptop,3/5/2022 0:00,abmi600,R01JAT-801,,N,0,,,,,,,,,,,,,,,,0,1,,,AGG3,
30MN10C06XXX,50,0002-100015,3/5/2022 0:00,,0.88,1,0,,KG,1,1,,,1,N,0,N,0,1,,,,100,,R01-0-01,,N,0,tiptop,3/5/2022 0:00,abmi600,R01JAT-801,,N,0,,,,,,,,,,,,,,,,0,1,,,PLAST,
30MN10C06XXX,55,0002-100017,3/5/2022 0:00,,0.97,1,0,,KG,1,1,,,0,N,0,N,0,1,,,,100,,R01-0-01,,N,0,tiptop,3/5/2022 0:00,abmi600,R01JAT-801,,N,0,,,,,,,,,,,,,,,,0,1,,,SK 183,
30MN10C06XXX,60,0002-100402,3/5/2022 0:00,,0.00,1,0,,KG,1,1,,,0,N,0,N,0,1,,,,100,,R01-0-01,,N,0,tiptop,3/5/2022 0:00,abmi600,R01JAT-801,,N,0,,,,,,,,,,,,,,,,0,1,,,VIS 1003,
32MN10C06XXX,10,0000-100030,3/5/2022 0:00,,178,1,0,,KG,1,1,,,0,N,0,N,0,1,,,,100,,R01-0-02,,N,0,tiptop,3/5/2022 0:00,abmi600,R01JAT-801,,N,0,,,,,,,,,,,,,,,,0,1,,,WATER,1622
32MN10C06XXX,15,0000-100011,3/5/2022 0:00,,318,1,0,,KG,1,1,,,0,N,0,N,0,1,,,,100,,R01-0-01,,N,0,tiptop,3/5/2022 0:00,abmi600,R01JAT-801,,N,0,,,,,,,,,,,,,,,,0,1,,,SEMEN,
32MN10C06XXX,20,0000-000015,3/5/2022 0:00,,106,1,0,,KG,1,1,,,1,N,0,N,0,1,,,,100,,R01-0-01,,N,0,tiptop,3/5/2022 0:00,abmi600,R01JAT-801,,N,0,,,,,,,,,,,,,,,,0,1,,,FA,
32MN10C06XXX,25,0000-100094,3/5/2022 0:00,,923,1,0,,KG,1,1,,,0,N,0,N,0,1,,,,100,,R01-0-Z0,,N,0,tiptop,3/5/2022 0:00,abmi600,R01JAT-801,,N,0,,,,,,,,,,,,,,,,0,1,,,SAND,
32MN10C06XXX,30,0000-100089,3/5/2022 0:00,,0,1,0,,KG,1,1,,,1,N,0,N,0,1,,,,100,,R01-0-01,,N,0,tiptop,3/5/2022 0:00,abmi600,R01JAT-801,,N,0,,,,,,,,,,,,,,,,0,1,,,MSAND,
32MN10C06XXX,35,0000-100090,3/5/2022 0:00,,756,1,0,,KG,1,1,,,1,N,0,N,0,1,,,,100,,R01-0-01,,N,0,tiptop,3/5/2022 0:00,abmi600,R01JAT-801,,N,0,,,,,,,,,,,,,,,,0,1,,,AGG1,
32MN10C06XXX,40,0000-100091,3/5/2022 0:00,,0,1,0,,KG,1,1,,,0,N,0,N,0,1,,,,100,,R01-0-01,,N,0,tiptop,3/5/2022 0:00,abmi600,R01JAT-801,,N,0,,,,,,,,,,,,,,,,0,1,,,AGG2,
32MN10C06XXX,45,0000-100092,3/5/2022 0:00,,0,1,0,,KG,1,1,,,0,N,0,N,0,1,,,,100,,R01-0-01,,N,0,tiptop,3/5/2022 0:00,abmi600,R01JAT-801,,N,0,,,,,,,,,,,,,,,,0,1,,,AGG3,
32MN10C06XXX,50,0002-100015,3/5/2022 0:00,,0.93,1,0,,KG,1,1,,,1,N,0,N,0,1,,,,100,,R01-0-01,,N,0,tiptop,3/5/2022 0:00,abmi600,R01JAT-801,,N,0,,,,,,,,,,,,,,,,0,1,,,PLAST,
32MN10C06XXX,55,0002-100017,3/5/2022 0:00,,1.02,1,0,,KG,1,1,,,0,N,0,N,0,1,,,,100,,R01-0-01,,N,0,tiptop,3/5/2022 0:00,abmi600,R01JAT-801,,N,0,,,,,,,,,,,,,,,,0,1,,,SK 183,
32MN10C06XXX,60,0002-100402,3/5/2022 0:00,,0.00,1,0,,KG,1,1,,,0,N,0,N,0,1,,,,100,,R01-0-01,,N,0,tiptop,3/5/2022 0:00,abmi600,R01JAT-801,,N,0,,,,,,,,,,,,,,,,0,1,,,VIS 1003,
33MN10C06XXX,10,0000-100030,3/5/2022 0:00,,178,1,0,,KG,1,1,,,0,N,0,N,0,1,,,,100,,R01-0-02,,N,0,tiptop,3/5/2022 0:00,abmi600,R01JAT-801,,N,0,,,,,,,,,,,,,,,,0,1,,,WATER,1623
33MN10C06XXX,15,0000-100011,3/5/2022 0:00,,327,1,0,,KG,1,1,,,0,N,0,N,0,1,,,,100,,R01-0-01,,N,0,tiptop,3/5/2022 0:00,abmi600,R01JAT-801,,N,0,,,,,,,,,,,,,,,,0,1,,,SEMEN,
33MN10C06XXX,20,0000-000015,3/5/2022 0:00,,109,1,0,,KG,1,1,,,1,N,0,N,0,1,,,,100,,R01-0-01,,N,0,tiptop,3/5/2022 0:00,abmi600,R01JAT-801,,N,0,,,,,,,,,,,,,,,,0,1,,,FA,
33MN10C06XXX,25,0000-100094,3/5/2022 0:00,,912,1,0,,KG,1,1,,,0,N,0,N,0,1,,,,100,,R01-0-Z0,,N,0,tiptop,3/5/2022 0:00,abmi600,R01JAT-801,,N,0,,,,,,,,,,,,,,,,0,1,,,SAND,
33MN10C06XXX,30,0000-100089,3/5/2022 0:00,,0,1,0,,KG,1,1,,,1,N,0,N,0,1,,,,100,,R01-0-01,,N,0,tiptop,3/5/2022 0:00,abmi600,R01JAT-801,,N,0,,,,,,,,,,,,,,,,0,1,,,MSAND,
33MN10C06XXX,35,0000-100090,3/5/2022 0:00,,756,1,0,,KG,1,1,,,1,N,0,N,0,1,,,,100,,R01-0-01,,N,0,tiptop,3/5/2022 0:00,abmi600,R01JAT-801,,N,0,,,,,,,,,,,,,,,,0,1,,,AGG1,
33MN10C06XXX,40,0000-100091,3/5/2022 0:00,,0,1,0,,KG,1,1,,,0,N,0,N,0,1,,,,100,,R01-0-01,,N,0,tiptop,3/5/2022 0:00,abmi600,R01JAT-801,,N,0,,,,,,,,,,,,,,,,0,1,,,AGG2,
33MN10C06XXX,45,0000-100092,3/5/2022 0:00,,0,1,0,,KG,1,1,,,0,N,0,N,0,1,,,,100,,R01-0-01,,N,0,tiptop,3/5/2022 0:00,abmi600,R01JAT-801,,N,0,,,,,,,,,,,,,,,,0,1,,,AGG3,
33MN10C06XXX,50,0002-100015,3/5/2022 0:00,,0.96,1,0,,KG,1,1,,,1,N,0,N,0,1,,,,100,,R01-0-01,,N,0,tiptop,3/5/2022 0:00,abmi600,R01JAT-801,,N,0,,,,,,,,,,,,,,,,0,1,,,PLAST,
33MN10C06XXX,55,0002-100017,3/5/2022 0:00,,1.05,1,0,,KG,1,1,,,0,N,0,N,0,1,,,,100,,R01-0-01,,N,0,tiptop,3/5/2022 0:00,abmi600,R01JAT-801,,N,0,,,,,,,,,,,,,,,,0,1,,,SK 183,
33MN10C06XXX,60,0002-100402,3/5/2022 0:00,,0.00,1,0,,KG,1,1,,,0,N,0,N,0,1,,,,100,,R01-0-01,,N,0,tiptop,3/5/2022 0:00,abmi600,R01JAT-801,,N,0,,,,,,,,,,,,,,,,0,1,,,VIS 1003,
35MN10C06XXX,10,0000-100030,3/5/2022 0:00,,166,1,0,,KG,1,1,,,0,N,0,N,0,1,,,,100,,R01-0-02,,N,0,tiptop,3/5/2022 0:00,abmi600,R01JAT-801,,N,0,,,,,,,,,,,,,,,,0,1,,,WATER,1624
35MN10C06XXX,15,0000-100011,3/5/2022 0:00,,322,1,0,,KG,1,1,,,0,N,0,N,0,1,,,,100,,R01-0-01,,N,0,tiptop,3/5/2022 0:00,abmi600,R01JAT-801,,N,0,,,,,,,,,,,,,,,,0,1,,,SEMEN,
35MN10C06XXX,20,0000-000015,3/5/2022 0:00,,107,1,0,,KG,1,1,,,1,N,0,N,0,1,,,,100,,R01-0-01,,N,0,tiptop,3/5/2022 0:00,abmi600,R01JAT-801,,N,0,,,,,,,,,,,,,,,,0,1,,,FA,
35MN10C06XXX,25,0000-100094,3/5/2022 0:00,,947,1,0,,KG,1,1,,,0,N,0,N,0,1,,,,100,,R01-0-Z0,,N,0,tiptop,3/5/2022 0:00,abmi600,R01JAT-801,,N,0,,,,,,,,,,,,,,,,0,1,,,SAND,
35MN10C06XXX,30,0000-100089,3/5/2022 0:00,,0,1,0,,KG,1,1,,,1,N,0,N,0,1,,,,100,,R01-0-01,,N,0,tiptop,3/5/2022 0:00,abmi600,R01JAT-801,,N,0,,,,,,,,,,,,,,,,0,1,,,MSAND,
35MN10C06XXX,35,0000-100090,3/5/2022 0:00,,756,1,0,,KG,1,1,,,1,N,0,N,0,1,,,,100,,R01-0-01,,N,0,tiptop,3/5/2022 0:00,abmi600,R01JAT-801,,N,0,,,,,,,,,,,,,,,,0,1,,,AGG1,
35MN10C06XXX,40,0000-100091,3/5/2022 0:00,,0,1,0,,KG,1,1,,,0,N,0,N,0,1,,,,100,,R01-0-01,,N,0,tiptop,3/5/2022 0:00,abmi600,R01JAT-801,,N,0,,,,,,,,,,,,,,,,0,1,,,AGG2,
35MN10C06XXX,45,0000-100092,3/5/2022 0:00,,0,1,0,,KG,1,1,,,0,N,0,N,0,1,,,,100,,R01-0-01,,N,0,tiptop,3/5/2022 0:00,abmi600,R01JAT-801,,N,0,,,,,,,,,,,,,,,,0,1,,,AGG3,
35MN10C06XXX,50,0002-100015,3/5/2022 0:00,,0.94,1,0,,KG,1,1,,,1,N,0,N,0,1,,,,100,,R01-0-01,,N,0,tiptop,3/5/2022 0:00,abmi600,R01JAT-801,,N,0,,,,,,,,,,,,,,,,0,1,,,PLAST,
35MN10C06XXX,55,0002-100017,3/5/2022 0:00,,2.07,1,0,,KG,1,1,,,0,N,0,N,0,1,,,,100,,R01-0-01,,N,0,tiptop,3/5/2022 0:00,abmi600,R01JAT-801,,N,0,,,,,,,,,,,,,,,,0,1,,,SK 183,
35MN10C06XXX,60,0002-100402,3/5/2022 0:00,,0.00,1,0,,KG,1,1,,,0,N,0,N,0,1,,,,100,,R01-0-01,,N,0,tiptop,3/5/2022 0:00,abmi600,R01JAT-801,,N,0,,,,,,,,,,,,,,,,0,1,,,VIS 1003,
08MN12C06XXX,10,0000-100030,3/5/2022 0:00,,183,1,0,,KG,1,1,,,0,N,0,N,0,1,,,,100,,R01-0-02,,N,0,tiptop,3/5/2022 0:00,abmi600,R01JAT-801,,N,0,,,,,,,,,,,,,,,,0,1,,,WATER,1625
08MN12C06XXX,15,0000-100011,3/5/2022 0:00,,148,1,0,,KG,1,1,,,0,N,0,N,0,1,,,,100,,R01-0-01,,N,0,tiptop,3/5/2022 0:00,abmi600,R01JAT-801,,N,0,,,,,,,,,,,,,,,,0,1,,,SEMEN,
08MN12C06XXX,20,0000-000015,3/5/2022 0:00,,49,1,0,,KG,1,1,,,1,N,0,N,0,1,,,,100,,R01-0-01,,N,0,tiptop,3/5/2022 0:00,abmi600,R01JAT-801,,N,0,,,,,,,,,,,,,,,,0,1,,,FA,
08MN12C06XXX,25,0000-100094,3/5/2022 0:00,,1123,1,0,,KG,1,1,,,0,N,0,N,0,1,,,,100,,R01-0-Z0,,N,0,tiptop,3/5/2022 0:00,abmi600,R01JAT-801,,N,0,,,,,,,,,,,,,,,,0,1,,,SAND,
08MN12C06XXX,30,0000-100089,3/5/2022 0:00,,0,1,0,,KG,1,1,,,1,N,0,N,0,1,,,,100,,R01-0-01,,N,0,tiptop,3/5/2022 0:00,abmi600,R01JAT-801,,N,0,,,,,,,,,,,,,,,,0,1,,,MSAND,
08MN12C06XXX,35,0000-100090,3/5/2022 0:00,,756,1,0,,KG,1,1,,,1,N,0,N,0,1,,,,100,,R01-0-01,,N,0,tiptop,3/5/2022 0:00,abmi600,R01JAT-801,,N,0,,,,,,,,,,,,,,,,0,1,,,AGG1,
08MN12C06XXX,40,0000-100091,3/5/2022 0:00,,0,1,0,,KG,1,1,,,0,N,0,N,0,1,,,,100,,R01-0-01,,N,0,tiptop,3/5/2022 0:00,abmi600,R01JAT-801,,N,0,,,,,,,,,,,,,,,,0,1,,,AGG2,
08MN12C06XXX,45,0000-100092,3/5/2022 0:00,,0,1,0,,KG,1,1,,,0,N,0,N,0,1,,,,100,,R01-0-01,,N,0,tiptop,3/5/2022 0:00,abmi600,R01JAT-801,,N,0,,,,,,,,,,,,,,,,0,1,,,AGG3,
08MN12C06XXX,50,0002-100015,3/5/2022 0:00,,0.43,1,0,,KG,1,1,,,1,N,0,N,0,1,,,,100,,R01-0-01,,N,0,tiptop,3/5/2022 0:00,abmi600,R01JAT-801,,N,0,,,,,,,,,,,,,,,,0,1,,,PLAST,
08MN12C06XXX,55,0002-100017,3/5/2022 0:00,,0.00,1,0,,KG,1,1,,,0,N,0,N,0,1,,,,100,,R01-0-01,,N,0,tiptop,3/5/2022 0:00,abmi600,R01JAT-801,,N,0,,,,,,,,,,,,,,,,0,1,,,SK 183,
08MN12C06XXX,60,0002-100402,3/5/2022 0:00,,0.00,1,0,,KG,1,1,,,0,N,0,N,0,1,,,,100,,R01-0-01,,N,0,tiptop,3/5/2022 0:00,abmi600,R01JAT-801,,N,0,,,,,,,,,,,,,,,,0,1,,,VIS 1003,
10MN12C06XXX,10,0000-100030,3/5/2022 0:00,,183,1,0,,KG,1,1,,,0,N,0,N,0,1,,,,100,,R01-0-02,,N,0,tiptop,3/5/2022 0:00,abmi600,R01JAT-801,,N,0,,,,,,,,,,,,,,,,0,1,,,WATER,1626
10MN12C06XXX,15,0000-100011,3/5/2022 0:00,,162,1,0,,KG,1,1,,,0,N,0,N,0,1,,,,100,,R01-0-01,,N,0,tiptop,3/5/2022 0:00,abmi600,R01JAT-801,,N,0,,,,,,,,,,,,,,,,0,1,,,SEMEN,
10MN12C06XXX,20,0000-000015,3/5/2022 0:00,,54,1,0,,KG,1,1,,,1,N,0,N,0,1,,,,100,,R01-0-01,,N,0,tiptop,3/5/2022 0:00,abmi600,R01JAT-801,,N,0,,,,,,,,,,,,,,,,0,1,,,FA,
10MN12C06XXX,25,0000-100094,3/5/2022 0:00,,1105,1,0,,KG,1,1,,,0,N,0,N,0,1,,,,100,,R01-0-Z0,,N,0,tiptop,3/5/2022 0:00,abmi600,R01JAT-801,,N,0,,,,,,,,,,,,,,,,0,1,,,SAND,
10MN12C06XXX,30,0000-100089,3/5/2022 0:00,,0,1,0,,KG,1,1,,,1,N,0,N,0,1,,,,100,,R01-0-01,,N,0,tiptop,3/5/2022 0:00,abmi600,R01JAT-801,,N,0,,,,,,,,,,,,,,,,0,1,,,MSAND,
10MN12C06XXX,35,0000-100090,3/5/2022 0:00,,756,1,0,,KG,1,1,,,1,N,0,N,0,1,,,,100,,R01-0-01,,N,0,tiptop,3/5/2022 0:00,abmi600,R01JAT-801,,N,0,,,,,,,,,,,,,,,,0,1,,,AGG1,
10MN12C06XXX,40,0000-100091,3/5/2022 0:00,,0,1,0,,KG,1,1,,,0,N,0,N,0,1,,,,100,,R01-0-01,,N,0,tiptop,3/5/2022 0:00,abmi600,R01JAT-801,,N,0,,,,,,,,,,,,,,,,0,1,,,AGG2,
10MN12C06XXX,45,0000-100092,3/5/2022 0:00,,0,1,0,,KG,1,1,,,0,N,0,N,0,1,,,,100,,R01-0-01,,N,0,tiptop,3/5/2022 0:00,abmi600,R01JAT-801,,N,0,,,,,,,,,,,,,,,,0,1,,,AGG3,
10MN12C06XXX,50,0002-100015,3/5/2022 0:00,,0.47,1,0,,KG,1,1,,,1,N,0,N,0,1,,,,100,,R01-0-01,,N,0,tiptop,3/5/2022 0:00,abmi600,R01JAT-801,,N,0,,,,,,,,,,,,,,,,0,1,,,PLAST,
10MN12C06XXX,55,0002-100017,3/5/2022 0:00,,0.00,1,0,,KG,1,1,,,0,N,0,N,0,1,,,,100,,R01-0-01,,N,0,tiptop,3/5/2022 0:00,abmi600,R01JAT-801,,N,0,,,,,,,,,,,,,,,,0,1,,,SK 183,
10MN12C06XXX,60,0002-100402,3/5/2022 0:00,,0.00,1,0,,KG,1,1,,,0,N,0,N,0,1,,,,100,,R01-0-01,,N,0,tiptop,3/5/2022 0:00,abmi600,R01JAT-801,,N,0,,,,,,,,,,,,,,,,0,1,,,VIS 1003,
12MN12C06XXX,10,0000-100030,3/5/2022 0:00,,183,1,0,,KG,1,1,,,0,N,0,N,0,1,,,,100,,R01-0-02,,N,0,tiptop,3/5/2022 0:00,abmi600,R01JAT-801,,N,0,,,,,,,,,,,,,,,,0,1,,,WATER,1627
12MN12C06XXX,15,0000-100011,3/5/2022 0:00,,176,1,0,,KG,1,1,,,0,N,0,N,0,1,,,,100,,R01-0-01,,N,0,tiptop,3/5/2022 0:00,abmi600,R01JAT-801,,N,0,,,,,,,,,,,,,,,,0,1,,,SEMEN,
12MN12C06XXX,20,0000-000015,3/5/2022 0:00,,59,1,0,,KG,1,1,,,1,N,0,N,0,1,,,,100,,R01-0-01,,N,0,tiptop,3/5/2022 0:00,abmi600,R01JAT-801,,N,0,,,,,,,,,,,,,,,,0,1,,,FA,
12MN12C06XXX,25,0000-100094,3/5/2022 0:00,,1088,1,0,,KG,1,1,,,0,N,0,N,0,1,,,,100,,R01-0-Z0,,N,0,tiptop,3/5/2022 0:00,abmi600,R01JAT-801,,N,0,,,,,,,,,,,,,,,,0,1,,,SAND,
12MN12C06XXX,30,0000-100089,3/5/2022 0:00,,0,1,0,,KG,1,1,,,1,N,0,N,0,1,,,,100,,R01-0-01,,N,0,tiptop,3/5/2022 0:00,abmi600,R01JAT-801,,N,0,,,,,,,,,,,,,,,,0,1,,,MSAND,
12MN12C06XXX,35,0000-100090,3/5/2022 0:00,,756,1,0,,KG,1,1,,,1,N,0,N,0,1,,,,100,,R01-0-01,,N,0,tiptop,3/5/2022 0:00,abmi600,R01JAT-801,,N,0,,,,,,,,,,,,,,,,0,1,,,AGG1,
12MN12C06XXX,40,0000-100091,3/5/2022 0:00,,0,1,0,,KG,1,1,,,0,N,0,N,0,1,,,,100,,R01-0-01,,N,0,tiptop,3/5/2022 0:00,abmi600,R01JAT-801,,N,0,,,,,,,,,,,,,,,,0,1,,,AGG2,
12MN12C06XXX,45,0000-100092,3/5/2022 0:00,,0,1,0,,KG,1,1,,,0,N,0,N,0,1,,,,100,,R01-0-01,,N,0,tiptop,3/5/2022 0:00,abmi600,R01JAT-801,,N,0,,,,,,,,,,,,,,,,0,1,,,AGG3,
12MN12C06XXX,50,0002-100015,3/5/2022 0:00,,0.52,1,0,,KG,1,1,,,1,N,0,N,0,1,,,,100,,R01-0-01,,N,0,tiptop,3/5/2022 0:00,abmi600,R01JAT-801,,N,0,,,,,,,,,,,,,,,,0,1,,,PLAST,
12MN12C06XXX,55,0002-100017,3/5/2022 0:00,,0.00,1,0,,KG,1,1,,,0,N,0,N,0,1,,,,100,,R01-0-01,,N,0,tiptop,3/5/2022 0:00,abmi600,R01JAT-801,,N,0,,,,,,,,,,,,,,,,0,1,,,SK 183,
12MN12C06XXX,60,0002-100402,3/5/2022 0:00,,0.00,1,0,,KG,1,1,,,0,N,0,N,0,1,,,,100,,R01-0-01,,N,0,tiptop,3/5/2022 0:00,abmi600,R01JAT-801,,N,0,,,,,,,,,,,,,,,,0,1,,,VIS 1003,
14MN12C06XXX,10,0000-100030,3/5/2022 0:00,,183,1,0,,KG,1,1,,,0,N,0,N,0,1,,,,100,,R01-0-02,,N,0,tiptop,3/5/2022 0:00,abmi600,R01JAT-801,,N,0,,,,,,,,,,,,,,,,0,1,,,WATER,1628
14MN12C06XXX,15,0000-100011,3/5/2022 0:00,,189,1,0,,KG,1,1,,,0,N,0,N,0,1,,,,100,,R01-0-01,,N,0,tiptop,3/5/2022 0:00,abmi600,R01JAT-801,,N,0,,,,,,,,,,,,,,,,0,1,,,SEMEN,
14MN12C06XXX,20,0000-000015,3/5/2022 0:00,,63,1,0,,KG,1,1,,,1,N,0,N,0,1,,,,100,,R01-0-01,,N,0,tiptop,3/5/2022 0:00,abmi600,R01JAT-801,,N,0,,,,,,,,,,,,,,,,0,1,,,FA,
14MN12C06XXX,25,0000-100094,3/5/2022 0:00,,1071,1,0,,KG,1,1,,,0,N,0,N,0,1,,,,100,,R01-0-Z0,,N,0,tiptop,3/5/2022 0:00,abmi600,R01JAT-801,,N,0,,,,,,,,,,,,,,,,0,1,,,SAND,
14MN12C06XXX,30,0000-100089,3/5/2022 0:00,,0,1,0,,KG,1,1,,,1,N,0,N,0,1,,,,100,,R01-0-01,,N,0,tiptop,3/5/2022 0:00,abmi600,R01JAT-801,,N,0,,,,,,,,,,,,,,,,0,1,,,MSAND,
14MN12C06XXX,35,0000-100090,3/5/2022 0:00,,756,1,0,,KG,1,1,,,1,N,0,N,0,1,,,,100,,R01-0-01,,N,0,tiptop,3/5/2022 0:00,abmi600,R01JAT-801,,N,0,,,,,,,,,,,,,,,,0,1,,,AGG1,
14MN12C06XXX,40,0000-100091,3/5/2022 0:00,,0,1,0,,KG,1,1,,,0,N,0,N,0,1,,,,100,,R01-0-01,,N,0,tiptop,3/5/2022 0:00,abmi600,R01JAT-801,,N,0,,,,,,,,,,,,,,,,0,1,,,AGG2,
14MN12C06XXX,45,0000-100092,3/5/2022 0:00,,0,1,0,,KG,1,1,,,0,N,0,N,0,1,,,,100,,R01-0-01,,N,0,tiptop,3/5/2022 0:00,abmi600,R01JAT-801,,N,0,,,,,,,,,,,,,,,,0,1,,,AGG3,
14MN12C06XXX,50,0002-100015,3/5/2022 0:00,,0.56,1,0,,KG,1,1,,,1,N,0,N,0,1,,,,100,,R01-0-01,,N,0,tiptop,3/5/2022 0:00,abmi600,R01JAT-801,,N,0,,,,,,,,,,,,,,,,0,1,,,PLAST,
14MN12C06XXX,55,0002-100017,3/5/2022 0:00,,0.00,1,0,,KG,1,1,,,0,N,0,N,0,1,,,,100,,R01-0-01,,N,0,tiptop,3/5/2022 0:00,abmi600,R01JAT-801,,N,0,,,,,,,,,,,,,,,,0,1,,,SK 183,
14MN12C06XXX,60,0002-100402,3/5/2022 0:00,,0.00,1,0,,KG,1,1,,,0,N,0,N,0,1,,,,100,,R01-0-01,,N,0,tiptop,3/5/2022 0:00,abmi600,R01JAT-801,,N,0,,,,,,,,,,,,,,,,0,1,,,VIS 1003,
16MN12C06XXX,10,0000-100030,3/5/2022 0:00,,183,1,0,,KG,1,1,,,0,N,0,N,0,1,,,,100,,R01-0-02,,N,0,tiptop,3/5/2022 0:00,abmi600,R01JAT-801,,N,0,,,,,,,,,,,,,,,,0,1,,,WATER,1629
16MN12C06XXX,15,0000-100011,3/5/2022 0:00,,203,1,0,,KG,1,1,,,0,N,0,N,0,1,,,,100,,R01-0-01,,N,0,tiptop,3/5/2022 0:00,abmi600,R01JAT-801,,N,0,,,,,,,,,,,,,,,,0,1,,,SEMEN,
16MN12C06XXX,20,0000-000015,3/5/2022 0:00,,68,1,0,,KG,1,1,,,1,N,0,N,0,1,,,,100,,R01-0-01,,N,0,tiptop,3/5/2022 0:00,abmi600,R01JAT-801,,N,0,,,,,,,,,,,,,,,,0,1,,,FA,
16MN12C06XXX,25,0000-100094,3/5/2022 0:00,,1054,1,0,,KG,1,1,,,0,N,0,N,0,1,,,,100,,R01-0-Z0,,N,0,tiptop,3/5/2022 0:00,abmi600,R01JAT-801,,N,0,,,,,,,,,,,,,,,,0,1,,,SAND,
16MN12C06XXX,30,0000-100089,3/5/2022 0:00,,0,1,0,,KG,1,1,,,1,N,0,N,0,1,,,,100,,R01-0-01,,N,0,tiptop,3/5/2022 0:00,abmi600,R01JAT-801,,N,0,,,,,,,,,,,,,,,,0,1,,,MSAND,
16MN12C06XXX,35,0000-100090,3/5/2022 0:00,,756,1,0,,KG,1,1,,,1,N,0,N,0,1,,,,100,,R01-0-01,,N,0,tiptop,3/5/2022 0:00,abmi600,R01JAT-801,,N,0,,,,,,,,,,,,,,,,0,1,,,AGG1,
16MN12C06XXX,40,0000-100091,3/5/2022 0:00,,0,1,0,,KG,1,1,,,0,N,0,N,0,1,,,,100,,R01-0-01,,N,0,tiptop,3/5/2022 0:00,abmi600,R01JAT-801,,N,0,,,,,,,,,,,,,,,,0,1,,,AGG2,
16MN12C06XXX,45,0000-100092,3/5/2022 0:00,,0,1,0,,KG,1,1,,,0,N,0,N,0,1,,,,100,,R01-0-01,,N,0,tiptop,3/5/2022 0:00,abmi600,R01JAT-801,,N,0,,,,,,,,,,,,,,,,0,1,,,AGG3,
16MN12C06XXX,50,0002-100015,3/5/2022 0:00,,0.60,1,0,,KG,1,1,,,1,N,0,N,0,1,,,,100,,R01-0-01,,N,0,tiptop,3/5/2022 0:00,abmi600,R01JAT-801,,N,0,,,,,,,,,,,,,,,,0,1,,,PLAST,
16MN12C06XXX,55,0002-100017,3/5/2022 0:00,,0.00,1,0,,KG,1,1,,,0,N,0,N,0,1,,,,100,,R01-0-01,,N,0,tiptop,3/5/2022 0:00,abmi600,R01JAT-801,,N,0,,,,,,,,,,,,,,,,0,1,,,SK 183,
16MN12C06XXX,60,0002-100402,3/5/2022 0:00,,0.00,1,0,,KG,1,1,,,0,N,0,N,0,1,,,,100,,R01-0-01,,N,0,tiptop,3/5/2022 0:00,abmi600,R01JAT-801,,N,0,,,,,,,,,,,,,,,,0,1,,,VIS 1003,
18MN12C06XXX,10,0000-100030,3/5/2022 0:00,,183,1,0,,KG,1,1,,,0,N,0,N,0,1,,,,100,,R01-0-02,,N,0,tiptop,3/5/2022 0:00,abmi600,R01JAT-801,,N,0,,,,,,,,,,,,,,,,0,1,,,WATER,1630
18MN12C06XXX,15,0000-100011,3/5/2022 0:00,,217,1,0,,KG,1,1,,,0,N,0,N,0,1,,,,100,,R01-0-01,,N,0,tiptop,3/5/2022 0:00,abmi600,R01JAT-801,,N,0,,,,,,,,,,,,,,,,0,1,,,SEMEN,
18MN12C06XXX,20,0000-000015,3/5/2022 0:00,,72,1,0,,KG,1,1,,,1,N,0,N,0,1,,,,100,,R01-0-01,,N,0,tiptop,3/5/2022 0:00,abmi600,R01JAT-801,,N,0,,,,,,,,,,,,,,,,0,1,,,FA,
18MN12C06XXX,25,0000-100094,3/5/2022 0:00,,1037,1,0,,KG,1,1,,,0,N,0,N,0,1,,,,100,,R01-0-Z0,,N,0,tiptop,3/5/2022 0:00,abmi600,R01JAT-801,,N,0,,,,,,,,,,,,,,,,0,1,,,SAND,
18MN12C06XXX,30,0000-100089,3/5/2022 0:00,,0,1,0,,KG,1,1,,,1,N,0,N,0,1,,,,100,,R01-0-01,,N,0,tiptop,3/5/2022 0:00,abmi600,R01JAT-801,,N,0,,,,,,,,,,,,,,,,0,1,,,MSAND,
18MN12C06XXX,35,0000-100090,3/5/2022 0:00,,756,1,0,,KG,1,1,,,1,N,0,N,0,1,,,,100,,R01-0-01,,N,0,tiptop,3/5/2022 0:00,abmi600,R01JAT-801,,N,0,,,,,,,,,,,,,,,,0,1,,,AGG1,
18MN12C06XXX,40,0000-100091,3/5/2022 0:00,,0,1,0,,KG,1,1,,,0,N,0,N,0,1,,,,100,,R01-0-01,,N,0,tiptop,3/5/2022 0:00,abmi600,R01JAT-801,,N,0,,,,,,,,,,,,,,,,0,1,,,AGG2,
18MN12C06XXX,45,0000-100092,3/5/2022 0:00,,0,1,0,,KG,1,1,,,0,N,0,N,0,1,,,,100,,R01-0-01,,N,0,tiptop,3/5/2022 0:00,abmi600,R01JAT-801,,N,0,,,,,,,,,,,,,,,,0,1,,,AGG3,
18MN12C06XXX,50,0002-100015,3/5/2022 0:00,,0.64,1,0,,KG,1,1,,,1,N,0,N,0,1,,,,100,,R01-0-01,,N,0,tiptop,3/5/2022 0:00,abmi600,R01JAT-801,,N,0,,,,,,,,,,,,,,,,0,1,,,PLAST,
18MN12C06XXX,55,0002-100017,3/5/2022 0:00,,0.00,1,0,,KG,1,1,,,0,N,0,N,0,1,,,,100,,R01-0-01,,N,0,tiptop,3/5/2022 0:00,abmi600,R01JAT-801,,N,0,,,,,,,,,,,,,,,,0,1,,,SK 183,
18MN12C06XXX,60,0002-100402,3/5/2022 0:00,,0.00,1,0,,KG,1,1,,,0,N,0,N,0,1,,,,100,,R01-0-01,,N,0,tiptop,3/5/2022 0:00,abmi600,R01JAT-801,,N,0,,,,,,,,,,,,,,,,0,1,,,VIS 1003,
20MN12C06XXX,10,0000-100030,3/5/2022 0:00,,183,1,0,,KG,1,1,,,0,N,0,N,0,1,,,,100,,R01-0-02,,N,0,tiptop,3/5/2022 0:00,abmi600,R01JAT-801,,N,0,,,,,,,,,,,,,,,,0,1,,,WATER,1631
20MN12C06XXX,15,0000-100011,3/5/2022 0:00,,231,1,0,,KG,1,1,,,0,N,0,N,0,1,,,,100,,R01-0-01,,N,0,tiptop,3/5/2022 0:00,abmi600,R01JAT-801,,N,0,,,,,,,,,,,,,,,,0,1,,,SEMEN,
20MN12C06XXX,20,0000-000015,3/5/2022 0:00,,77,1,0,,KG,1,1,,,1,N,0,N,0,1,,,,100,,R01-0-01,,N,0,tiptop,3/5/2022 0:00,abmi600,R01JAT-801,,N,0,,,,,,,,,,,,,,,,0,1,,,FA,
20MN12C06XXX,25,0000-100094,3/5/2022 0:00,,1019,1,0,,KG,1,1,,,0,N,0,N,0,1,,,,100,,R01-0-Z0,,N,0,tiptop,3/5/2022 0:00,abmi600,R01JAT-801,,N,0,,,,,,,,,,,,,,,,0,1,,,SAND,
20MN12C06XXX,30,0000-100089,3/5/2022 0:00,,0,1,0,,KG,1,1,,,1,N,0,N,0,1,,,,100,,R01-0-01,,N,0,tiptop,3/5/2022 0:00,abmi600,R01JAT-801,,N,0,,,,,,,,,,,,,,,,0,1,,,MSAND,
20MN12C06XXX,35,0000-100090,3/5/2022 0:00,,756,1,0,,KG,1,1,,,1,N,0,N,0,1,,,,100,,R01-0-01,,N,0,tiptop,3/5/2022 0:00,abmi600,R01JAT-801,,N,0,,,,,,,,,,,,,,,,0,1,,,AGG1,
20MN12C06XXX,40,0000-100091,3/5/2022 0:00,,0,1,0,,KG,1,1,,,0,N,0,N,0,1,,,,100,,R01-0-01,,N,0,tiptop,3/5/2022 0:00,abmi600,R01JAT-801,,N,0,,,,,,,,,,,,,,,,0,1,,,AGG2,
20MN12C06XXX,45,0000-100092,3/5/2022 0:00,,0,1,0,,KG,1,1,,,0,N,0,N,0,1,,,,100,,R01-0-01,,N,0,tiptop,3/5/2022 0:00,abmi600,R01JAT-801,,N,0,,,,,,,,,,,,,,,,0,1,,,AGG3,
20MN12C06XXX,50,0002-100015,3/5/2022 0:00,,0.68,1,0,,KG,1,1,,,1,N,0,N,0,1,,,,100,,R01-0-01,,N,0,tiptop,3/5/2022 0:00,abmi600,R01JAT-801,,N,0,,,,,,,,,,,,,,,,0,1,,,PLAST,
20MN12C06XXX,55,0002-100017,3/5/2022 0:00,,0.00,1,0,,KG,1,1,,,0,N,0,N,0,1,,,,100,,R01-0-01,,N,0,tiptop,3/5/2022 0:00,abmi600,R01JAT-801,,N,0,,,,,,,,,,,,,,,,0,1,,,SK 183,
20MN12C06XXX,60,0002-100402,3/5/2022 0:00,,0.00,1,0,,KG,1,1,,,0,N,0,N,0,1,,,,100,,R01-0-01,,N,0,tiptop,3/5/2022 0:00,abmi600,R01JAT-801,,N,0,,,,,,,,,,,,,,,,0,1,,,VIS 1003,
22MN12C06XXX,10,0000-100030,3/5/2022 0:00,,181,1,0,,KG,1,1,,,0,N,0,N,0,1,,,,100,,R01-0-02,,N,0,tiptop,3/5/2022 0:00,abmi600,R01JAT-801,,N,0,,,,,,,,,,,,,,,,0,1,,,WATER,1632
22MN12C06XXX,15,0000-100011,3/5/2022 0:00,,243,1,0,,KG,1,1,,,0,N,0,N,0,1,,,,100,,R01-0-01,,N,0,tiptop,3/5/2022 0:00,abmi600,R01JAT-801,,N,0,,,,,,,,,,,,,,,,0,1,,,SEMEN,
22MN12C06XXX,20,0000-000015,3/5/2022 0:00,,81,1,0,,KG,1,1,,,1,N,0,N,0,1,,,,100,,R01-0-01,,N,0,tiptop,3/5/2022 0:00,abmi600,R01JAT-801,,N,0,,,,,,,,,,,,,,,,0,1,,,FA,
22MN12C06XXX,25,0000-100094,3/5/2022 0:00,,1008,1,0,,KG,1,1,,,0,N,0,N,0,1,,,,100,,R01-0-Z0,,N,0,tiptop,3/5/2022 0:00,abmi600,R01JAT-801,,N,0,,,,,,,,,,,,,,,,0,1,,,SAND,
22MN12C06XXX,30,0000-100089,3/5/2022 0:00,,0,1,0,,KG,1,1,,,1,N,0,N,0,1,,,,100,,R01-0-01,,N,0,tiptop,3/5/2022 0:00,abmi600,R01JAT-801,,N,0,,,,,,,,,,,,,,,,0,1,,,MSAND,
22MN12C06XXX,35,0000-100090,3/5/2022 0:00,,756,1,0,,KG,1,1,,,1,N,0,N,0,1,,,,100,,R01-0-01,,N,0,tiptop,3/5/2022 0:00,abmi600,R01JAT-801,,N,0,,,,,,,,,,,,,,,,0,1,,,AGG1,
22MN12C06XXX,40,0000-100091,3/5/2022 0:00,,0,1,0,,KG,1,1,,,0,N,0,N,0,1,,,,100,,R01-0-01,,N,0,tiptop,3/5/2022 0:00,abmi600,R01JAT-801,,N,0,,,,,,,,,,,,,,,,0,1,,,AGG2,
22MN12C06XXX,45,0000-100092,3/5/2022 0:00,,0,1,0,,KG,1,1,,,0,N,0,N,0,1,,,,100,,R01-0-01,,N,0,tiptop,3/5/2022 0:00,abmi600,R01JAT-801,,N,0,,,,,,,,,,,,,,,,0,1,,,AGG3,
22MN12C06XXX,50,0002-100015,3/5/2022 0:00,,0.71,1,0,,KG,1,1,,,1,N,0,N,0,1,,,,100,,R01-0-01,,N,0,tiptop,3/5/2022 0:00,abmi600,R01JAT-801,,N,0,,,,,,,,,,,,,,,,0,1,,,PLAST,
22MN12C06XXX,55,0002-100017,3/5/2022 0:00,,0.78,1,0,,KG,1,1,,,0,N,0,N,0,1,,,,100,,R01-0-01,,N,0,tiptop,3/5/2022 0:00,abmi600,R01JAT-801,,N,0,,,,,,,,,,,,,,,,0,1,,,SK 183,
22MN12C06XXX,60,0002-100402,3/5/2022 0:00,,0.00,1,0,,KG,1,1,,,0,N,0,N,0,1,,,,100,,R01-0-01,,N,0,tiptop,3/5/2022 0:00,abmi600,R01JAT-801,,N,0,,,,,,,,,,,,,,,,0,1,,,VIS 1003,
25MN12C06XXX,10,0000-100030,3/5/2022 0:00,,181,1,0,,KG,1,1,,,0,N,0,N,0,1,,,,100,,R01-0-02,,N,0,tiptop,3/5/2022 0:00,abmi600,R01JAT-801,,N,0,,,,,,,,,,,,,,,,0,1,,,WATER,1633
25MN12C06XXX,15,0000-100011,3/5/2022 0:00,,266,1,0,,KG,1,1,,,0,N,0,N,0,1,,,,100,,R01-0-01,,N,0,tiptop,3/5/2022 0:00,abmi600,R01JAT-801,,N,0,,,,,,,,,,,,,,,,0,1,,,SEMEN,
25MN12C06XXX,20,0000-000015,3/5/2022 0:00,,89,1,0,,KG,1,1,,,1,N,0,N,0,1,,,,100,,R01-0-01,,N,0,tiptop,3/5/2022 0:00,abmi600,R01JAT-801,,N,0,,,,,,,,,,,,,,,,0,1,,,FA,
25MN12C06XXX,25,0000-100094,3/5/2022 0:00,,980,1,0,,KG,1,1,,,0,N,0,N,0,1,,,,100,,R01-0-Z0,,N,0,tiptop,3/5/2022 0:00,abmi600,R01JAT-801,,N,0,,,,,,,,,,,,,,,,0,1,,,SAND,
25MN12C06XXX,30,0000-100089,3/5/2022 0:00,,0,1,0,,KG,1,1,,,1,N,0,N,0,1,,,,100,,R01-0-01,,N,0,tiptop,3/5/2022 0:00,abmi600,R01JAT-801,,N,0,,,,,,,,,,,,,,,,0,1,,,MSAND,
25MN12C06XXX,35,0000-100090,3/5/2022 0:00,,756,1,0,,KG,1,1,,,1,N,0,N,0,1,,,,100,,R01-0-01,,N,0,tiptop,3/5/2022 0:00,abmi600,R01JAT-801,,N,0,,,,,,,,,,,,,,,,0,1,,,AGG1,
25MN12C06XXX,40,0000-100091,3/5/2022 0:00,,0,1,0,,KG,1,1,,,0,N,0,N,0,1,,,,100,,R01-0-01,,N,0,tiptop,3/5/2022 0:00,abmi600,R01JAT-801,,N,0,,,,,,,,,,,,,,,,0,1,,,AGG2,
25MN12C06XXX,45,0000-100092,3/5/2022 0:00,,0,1,0,,KG,1,1,,,0,N,0,N,0,1,,,,100,,R01-0-01,,N,0,tiptop,3/5/2022 0:00,abmi600,R01JAT-801,,N,0,,,,,,,,,,,,,,,,0,1,,,AGG3,
25MN12C06XXX,50,0002-100015,3/5/2022 0:00,,0.78,1,0,,KG,1,1,,,1,N,0,N,0,1,,,,100,,R01-0-01,,N,0,tiptop,3/5/2022 0:00,abmi600,R01JAT-801,,N,0,,,,,,,,,,,,,,,,0,1,,,PLAST,
25MN12C06XXX,55,0002-100017,3/5/2022 0:00,,0.85,1,0,,KG,1,1,,,0,N,0,N,0,1,,,,100,,R01-0-01,,N,0,tiptop,3/5/2022 0:00,abmi600,R01JAT-801,,N,0,,,,,,,,,,,,,,,,0,1,,,SK 183,
25MN12C06XXX,60,0002-100402,3/5/2022 0:00,,0.00,1,0,,KG,1,1,,,0,N,0,N,0,1,,,,100,,R01-0-01,,N,0,tiptop,3/5/2022 0:00,abmi600,R01JAT-801,,N,0,,,,,,,,,,,,,,,,0,1,,,VIS 1003,
27MN12C06XXX,10,0000-100030,3/5/2022 0:00,,181,1,0,,KG,1,1,,,0,N,0,N,0,1,,,,100,,R01-0-02,,N,0,tiptop,3/5/2022 0:00,abmi600,R01JAT-801,,N,0,,,,,,,,,,,,,,,,0,1,,,WATER,1634
27MN12C06XXX,15,0000-100011,3/5/2022 0:00,,281,1,0,,KG,1,1,,,0,N,0,N,0,1,,,,100,,R01-0-01,,N,0,tiptop,3/5/2022 0:00,abmi600,R01JAT-801,,N,0,,,,,,,,,,,,,,,,0,1,,,SEMEN,
27MN12C06XXX,20,0000-000015,3/5/2022 0:00,,94,1,0,,KG,1,1,,,1,N,0,N,0,1,,,,100,,R01-0-01,,N,0,tiptop,3/5/2022 0:00,abmi600,R01JAT-801,,N,0,,,,,,,,,,,,,,,,0,1,,,FA,
27MN12C06XXX,25,0000-100094,3/5/2022 0:00,,961,1,0,,KG,1,1,,,0,N,0,N,0,1,,,,100,,R01-0-Z0,,N,0,tiptop,3/5/2022 0:00,abmi600,R01JAT-801,,N,0,,,,,,,,,,,,,,,,0,1,,,SAND,
27MN12C06XXX,30,0000-100089,3/5/2022 0:00,,0,1,0,,KG,1,1,,,1,N,0,N,0,1,,,,100,,R01-0-01,,N,0,tiptop,3/5/2022 0:00,abmi600,R01JAT-801,,N,0,,,,,,,,,,,,,,,,0,1,,,MSAND,
27MN12C06XXX,35,0000-100090,3/5/2022 0:00,,756,1,0,,KG,1,1,,,1,N,0,N,0,1,,,,100,,R01-0-01,,N,0,tiptop,3/5/2022 0:00,abmi600,R01JAT-801,,N,0,,,,,,,,,,,,,,,,0,1,,,AGG1,
27MN12C06XXX,40,0000-100091,3/5/2022 0:00,,0,1,0,,KG,1,1,,,0,N,0,N,0,1,,,,100,,R01-0-01,,N,0,tiptop,3/5/2022 0:00,abmi600,R01JAT-801,,N,0,,,,,,,,,,,,,,,,0,1,,,AGG2,
27MN12C06XXX,45,0000-100092,3/5/2022 0:00,,0,1,0,,KG,1,1,,,0,N,0,N,0,1,,,,100,,R01-0-01,,N,0,tiptop,3/5/2022 0:00,abmi600,R01JAT-801,,N,0,,,,,,,,,,,,,,,,0,1,,,AGG3,
27MN12C06XXX,50,0002-100015,3/5/2022 0:00,,0.83,1,0,,KG,1,1,,,1,N,0,N,0,1,,,,100,,R01-0-01,,N,0,tiptop,3/5/2022 0:00,abmi600,R01JAT-801,,N,0,,,,,,,,,,,,,,,,0,1,,,PLAST,
27MN12C06XXX,55,0002-100017,3/5/2022 0:00,,0.90,1,0,,KG,1,1,,,0,N,0,N,0,1,,,,100,,R01-0-01,,N,0,tiptop,3/5/2022 0:00,abmi600,R01JAT-801,,N,0,,,,,,,,,,,,,,,,0,1,,,SK 183,
27MN12C06XXX,60,0002-100402,3/5/2022 0:00,,0.00,1,0,,KG,1,1,,,0,N,0,N,0,1,,,,100,,R01-0-01,,N,0,tiptop,3/5/2022 0:00,abmi600,R01JAT-801,,N,0,,,,,,,,,,,,,,,,0,1,,,VIS 1003,
30MN12C06XXX,10,0000-100030,3/5/2022 0:00,,181,1,0,,KG,1,1,,,0,N,0,N,0,1,,,,100,,R01-0-02,,N,0,tiptop,3/5/2022 0:00,abmi600,R01JAT-801,,N,0,,,,,,,,,,,,,,,,0,1,,,WATER,1635
30MN12C06XXX,15,0000-100011,3/5/2022 0:00,,306,1,0,,KG,1,1,,,0,N,0,N,0,1,,,,100,,R01-0-01,,N,0,tiptop,3/5/2022 0:00,abmi600,R01JAT-801,,N,0,,,,,,,,,,,,,,,,0,1,,,SEMEN,
30MN12C06XXX,20,0000-000015,3/5/2022 0:00,,102,1,0,,KG,1,1,,,1,N,0,N,0,1,,,,100,,R01-0-01,,N,0,tiptop,3/5/2022 0:00,abmi600,R01JAT-801,,N,0,,,,,,,,,,,,,,,,0,1,,,FA,
30MN12C06XXX,25,0000-100094,3/5/2022 0:00,,930,1,0,,KG,1,1,,,0,N,0,N,0,1,,,,100,,R01-0-Z0,,N,0,tiptop,3/5/2022 0:00,abmi600,R01JAT-801,,N,0,,,,,,,,,,,,,,,,0,1,,,SAND,
30MN12C06XXX,30,0000-100089,3/5/2022 0:00,,0,1,0,,KG,1,1,,,1,N,0,N,0,1,,,,100,,R01-0-01,,N,0,tiptop,3/5/2022 0:00,abmi600,R01JAT-801,,N,0,,,,,,,,,,,,,,,,0,1,,,MSAND,
30MN12C06XXX,35,0000-100090,3/5/2022 0:00,,756,1,0,,KG,1,1,,,1,N,0,N,0,1,,,,100,,R01-0-01,,N,0,tiptop,3/5/2022 0:00,abmi600,R01JAT-801,,N,0,,,,,,,,,,,,,,,,0,1,,,AGG1,
30MN12C06XXX,40,0000-100091,3/5/2022 0:00,,0,1,0,,KG,1,1,,,0,N,0,N,0,1,,,,100,,R01-0-01,,N,0,tiptop,3/5/2022 0:00,abmi600,R01JAT-801,,N,0,,,,,,,,,,,,,,,,0,1,,,AGG2,
30MN12C06XXX,45,0000-100092,3/5/2022 0:00,,0,1,0,,KG,1,1,,,0,N,0,N,0,1,,,,100,,R01-0-01,,N,0,tiptop,3/5/2022 0:00,abmi600,R01JAT-801,,N,0,,,,,,,,,,,,,,,,0,1,,,AGG3,
30MN12C06XXX,50,0002-100015,3/5/2022 0:00,,0.90,1,0,,KG,1,1,,,1,N,0,N,0,1,,,,100,,R01-0-01,,N,0,tiptop,3/5/2022 0:00,abmi600,R01JAT-801,,N,0,,,,,,,,,,,,,,,,0,1,,,PLAST,
30MN12C06XXX,55,0002-100017,3/5/2022 0:00,,0.98,1,0,,KG,1,1,,,0,N,0,N,0,1,,,,100,,R01-0-01,,N,0,tiptop,3/5/2022 0:00,abmi600,R01JAT-801,,N,0,,,,,,,,,,,,,,,,0,1,,,SK 183,
30MN12C06XXX,60,0002-100402,3/5/2022 0:00,,0.00,1,0,,KG,1,1,,,0,N,0,N,0,1,,,,100,,R01-0-01,,N,0,tiptop,3/5/2022 0:00,abmi600,R01JAT-801,,N,0,,,,,,,,,,,,,,,,0,1,,,VIS 1003,
32MN12C06XXX,10,0000-100030,3/5/2022 0:00,,181,1,0,,KG,1,1,,,0,N,0,N,0,1,,,,100,,R01-0-02,,N,0,tiptop,3/5/2022 0:00,abmi600,R01JAT-801,,N,0,,,,,,,,,,,,,,,,0,1,,,WATER,1636
32MN12C06XXX,15,0000-100011,3/5/2022 0:00,,323,1,0,,KG,1,1,,,0,N,0,N,0,1,,,,100,,R01-0-01,,N,0,tiptop,3/5/2022 0:00,abmi600,R01JAT-801,,N,0,,,,,,,,,,,,,,,,0,1,,,SEMEN,
32MN12C06XXX,20,0000-000015,3/5/2022 0:00,,108,1,0,,KG,1,1,,,1,N,0,N,0,1,,,,100,,R01-0-01,,N,0,tiptop,3/5/2022 0:00,abmi600,R01JAT-801,,N,0,,,,,,,,,,,,,,,,0,1,,,FA,
32MN12C06XXX,25,0000-100094,3/5/2022 0:00,,909,1,0,,KG,1,1,,,0,N,0,N,0,1,,,,100,,R01-0-Z0,,N,0,tiptop,3/5/2022 0:00,abmi600,R01JAT-801,,N,0,,,,,,,,,,,,,,,,0,1,,,SAND,
32MN12C06XXX,30,0000-100089,3/5/2022 0:00,,0,1,0,,KG,1,1,,,1,N,0,N,0,1,,,,100,,R01-0-01,,N,0,tiptop,3/5/2022 0:00,abmi600,R01JAT-801,,N,0,,,,,,,,,,,,,,,,0,1,,,MSAND,
32MN12C06XXX,35,0000-100090,3/5/2022 0:00,,756,1,0,,KG,1,1,,,1,N,0,N,0,1,,,,100,,R01-0-01,,N,0,tiptop,3/5/2022 0:00,abmi600,R01JAT-801,,N,0,,,,,,,,,,,,,,,,0,1,,,AGG1,
32MN12C06XXX,40,0000-100091,3/5/2022 0:00,,0,1,0,,KG,1,1,,,0,N,0,N,0,1,,,,100,,R01-0-01,,N,0,tiptop,3/5/2022 0:00,abmi600,R01JAT-801,,N,0,,,,,,,,,,,,,,,,0,1,,,AGG2,
32MN12C06XXX,45,0000-100092,3/5/2022 0:00,,0,1,0,,KG,1,1,,,0,N,0,N,0,1,,,,100,,R01-0-01,,N,0,tiptop,3/5/2022 0:00,abmi600,R01JAT-801,,N,0,,,,,,,,,,,,,,,,0,1,,,AGG3,
32MN12C06XXX,50,0002-100015,3/5/2022 0:00,,0.95,1,0,,KG,1,1,,,1,N,0,N,0,1,,,,100,,R01-0-01,,N,0,tiptop,3/5/2022 0:00,abmi600,R01JAT-801,,N,0,,,,,,,,,,,,,,,,0,1,,,PLAST,
32MN12C06XXX,55,0002-100017,3/5/2022 0:00,,1.04,1,0,,KG,1,1,,,0,N,0,N,0,1,,,,100,,R01-0-01,,N,0,tiptop,3/5/2022 0:00,abmi600,R01JAT-801,,N,0,,,,,,,,,,,,,,,,0,1,,,SK 183,
32MN12C06XXX,60,0002-100402,3/5/2022 0:00,,0.00,1,0,,KG,1,1,,,0,N,0,N,0,1,,,,100,,R01-0-01,,N,0,tiptop,3/5/2022 0:00,abmi600,R01JAT-801,,N,0,,,,,,,,,,,,,,,,0,1,,,VIS 1003,
33MN12C06XXX,10,0000-100030,3/5/2022 0:00,,181,1,0,,KG,1,1,,,0,N,0,N,0,1,,,,100,,R01-0-02,,N,0,tiptop,3/5/2022 0:00,abmi600,R01JAT-801,,N,0,,,,,,,,,,,,,,,,0,1,,,WATER,1637
33MN12C06XXX,15,0000-100011,3/5/2022 0:00,,332,1,0,,KG,1,1,,,0,N,0,N,0,1,,,,100,,R01-0-01,,N,0,tiptop,3/5/2022 0:00,abmi600,R01JAT-801,,N,0,,,,,,,,,,,,,,,,0,1,,,SEMEN,
33MN12C06XXX,20,0000-000015,3/5/2022 0:00,,111,1,0,,KG,1,1,,,1,N,0,N,0,1,,,,100,,R01-0-01,,N,0,tiptop,3/5/2022 0:00,abmi600,R01JAT-801,,N,0,,,,,,,,,,,,,,,,0,1,,,FA,
33MN12C06XXX,25,0000-100094,3/5/2022 0:00,,898,1,0,,KG,1,1,,,0,N,0,N,0,1,,,,100,,R01-0-Z0,,N,0,tiptop,3/5/2022 0:00,abmi600,R01JAT-801,,N,0,,,,,,,,,,,,,,,,0,1,,,SAND,
33MN12C06XXX,30,0000-100089,3/5/2022 0:00,,0,1,0,,KG,1,1,,,1,N,0,N,0,1,,,,100,,R01-0-01,,N,0,tiptop,3/5/2022 0:00,abmi600,R01JAT-801,,N,0,,,,,,,,,,,,,,,,0,1,,,MSAND,
33MN12C06XXX,35,0000-100090,3/5/2022 0:00,,756,1,0,,KG,1,1,,,1,N,0,N,0,1,,,,100,,R01-0-01,,N,0,tiptop,3/5/2022 0:00,abmi600,R01JAT-801,,N,0,,,,,,,,,,,,,,,,0,1,,,AGG1,
33MN12C06XXX,40,0000-100091,3/5/2022 0:00,,0,1,0,,KG,1,1,,,0,N,0,N,0,1,,,,100,,R01-0-01,,N,0,tiptop,3/5/2022 0:00,abmi600,R01JAT-801,,N,0,,,,,,,,,,,,,,,,0,1,,,AGG2,
33MN12C06XXX,45,0000-100092,3/5/2022 0:00,,0,1,0,,KG,1,1,,,0,N,0,N,0,1,,,,100,,R01-0-01,,N,0,tiptop,3/5/2022 0:00,abmi600,R01JAT-801,,N,0,,,,,,,,,,,,,,,,0,1,,,AGG3,
33MN12C06XXX,50,0002-100015,3/5/2022 0:00,,0.97,1,0,,KG,1,1,,,1,N,0,N,0,1,,,,100,,R01-0-01,,N,0,tiptop,3/5/2022 0:00,abmi600,R01JAT-801,,N,0,,,,,,,,,,,,,,,,0,1,,,PLAST,
33MN12C06XXX,55,0002-100017,3/5/2022 0:00,,1.07,1,0,,KG,1,1,,,0,N,0,N,0,1,,,,100,,R01-0-01,,N,0,tiptop,3/5/2022 0:00,abmi600,R01JAT-801,,N,0,,,,,,,,,,,,,,,,0,1,,,SK 183,
33MN12C06XXX,60,0002-100402,3/5/2022 0:00,,0.00,1,0,,KG,1,1,,,0,N,0,N,0,1,,,,100,,R01-0-01,,N,0,tiptop,3/5/2022 0:00,abmi600,R01JAT-801,,N,0,,,,,,,,,,,,,,,,0,1,,,VIS 1003,
35MN12C06XXX,10,0000-100030,3/5/2022 0:00,,169,1,0,,KG,1,1,,,0,N,0,N,0,1,,,,100,,R01-0-02,,N,0,tiptop,3/5/2022 0:00,abmi600,R01JAT-801,,N,0,,,,,,,,,,,,,,,,0,1,,,WATER,1638
35MN12C06XXX,15,0000-100011,3/5/2022 0:00,,327,1,0,,KG,1,1,,,0,N,0,N,0,1,,,,100,,R01-0-01,,N,0,tiptop,3/5/2022 0:00,abmi600,R01JAT-801,,N,0,,,,,,,,,,,,,,,,0,1,,,SEMEN,
35MN12C06XXX,20,0000-000015,3/5/2022 0:00,,109,1,0,,KG,1,1,,,1,N,0,N,0,1,,,,100,,R01-0-01,,N,0,tiptop,3/5/2022 0:00,abmi600,R01JAT-801,,N,0,,,,,,,,,,,,,,,,0,1,,,FA,
35MN12C06XXX,25,0000-100094,3/5/2022 0:00,,932,1,0,,KG,1,1,,,0,N,0,N,0,1,,,,100,,R01-0-Z0,,N,0,tiptop,3/5/2022 0:00,abmi600,R01JAT-801,,N,0,,,,,,,,,,,,,,,,0,1,,,SAND,
35MN12C06XXX,30,0000-100089,3/5/2022 0:00,,0,1,0,,KG,1,1,,,1,N,0,N,0,1,,,,100,,R01-0-01,,N,0,tiptop,3/5/2022 0:00,abmi600,R01JAT-801,,N,0,,,,,,,,,,,,,,,,0,1,,,MSAND,
35MN12C06XXX,35,0000-100090,3/5/2022 0:00,,756,1,0,,KG,1,1,,,1,N,0,N,0,1,,,,100,,R01-0-01,,N,0,tiptop,3/5/2022 0:00,abmi600,R01JAT-801,,N,0,,,,,,,,,,,,,,,,0,1,,,AGG1,
35MN12C06XXX,40,0000-100091,3/5/2022 0:00,,0,1,0,,KG,1,1,,,0,N,0,N,0,1,,,,100,,R01-0-01,,N,0,tiptop,3/5/2022 0:00,abmi600,R01JAT-801,,N,0,,,,,,,,,,,,,,,,0,1,,,AGG2,
35MN12C06XXX,45,0000-100092,3/5/2022 0:00,,0,1,0,,KG,1,1,,,0,N,0,N,0,1,,,,100,,R01-0-01,,N,0,tiptop,3/5/2022 0:00,abmi600,R01JAT-801,,N,0,,,,,,,,,,,,,,,,0,1,,,AGG3,
35MN12C06XXX,50,0002-100015,3/5/2022 0:00,,0.96,1,0,,KG,1,1,,,1,N,0,N,0,1,,,,100,,R01-0-01,,N,0,tiptop,3/5/2022 0:00,abmi600,R01JAT-801,,N,0,,,,,,,,,,,,,,,,0,1,,,PLAST,
35MN12C06XXX,55,0002-100017,3/5/2022 0:00,,2.10,1,0,,KG,1,1,,,0,N,0,N,0,1,,,,100,,R01-0-01,,N,0,tiptop,3/5/2022 0:00,abmi600,R01JAT-801,,N,0,,,,,,,,,,,,,,,,0,1,,,SK 183,
35MN12C06XXX,60,0002-100402,3/5/2022 0:00,,0.00,1,0,,KG,1,1,,,0,N,0,N,0,1,,,,100,,R01-0-01,,N,0,tiptop,3/5/2022 0:00,abmi600,R01JAT-801,,N,0,,,,,,,,,,,,,,,,0,1,,,VIS 1003,
08MN14C06XXX,10,0000-100030,3/5/2022 0:00,,185,1,0,,KG,1,1,,,0,N,0,N,0,1,,,,100,,R01-0-02,,N,0,tiptop,3/5/2022 0:00,abmi600,R01JAT-801,,N,0,,,,,,,,,,,,,,,,0,1,,,WATER,1639
08MN14C06XXX,15,0000-100011,3/5/2022 0:00,,150,1,0,,KG,1,1,,,0,N,0,N,0,1,,,,100,,R01-0-01,,N,0,tiptop,3/5/2022 0:00,abmi600,R01JAT-801,,N,0,,,,,,,,,,,,,,,,0,1,,,SEMEN,
08MN14C06XXX,20,0000-000015,3/5/2022 0:00,,50,1,0,,KG,1,1,,,1,N,0,N,0,1,,,,100,,R01-0-01,,N,0,tiptop,3/5/2022 0:00,abmi600,R01JAT-801,,N,0,,,,,,,,,,,,,,,,0,1,,,FA,
08MN14C06XXX,25,0000-100094,3/5/2022 0:00,,1114,1,0,,KG,1,1,,,0,N,0,N,0,1,,,,100,,R01-0-Z0,,N,0,tiptop,3/5/2022 0:00,abmi600,R01JAT-801,,N,0,,,,,,,,,,,,,,,,0,1,,,SAND,
08MN14C06XXX,30,0000-100089,3/5/2022 0:00,,0,1,0,,KG,1,1,,,1,N,0,N,0,1,,,,100,,R01-0-01,,N,0,tiptop,3/5/2022 0:00,abmi600,R01JAT-801,,N,0,,,,,,,,,,,,,,,,0,1,,,MSAND,
08MN14C06XXX,35,0000-100090,3/5/2022 0:00,,756,1,0,,KG,1,1,,,1,N,0,N,0,1,,,,100,,R01-0-01,,N,0,tiptop,3/5/2022 0:00,abmi600,R01JAT-801,,N,0,,,,,,,,,,,,,,,,0,1,,,AGG1,
08MN14C06XXX,40,0000-100091,3/5/2022 0:00,,0,1,0,,KG,1,1,,,0,N,0,N,0,1,,,,100,,R01-0-01,,N,0,tiptop,3/5/2022 0:00,abmi600,R01JAT-801,,N,0,,,,,,,,,,,,,,,,0,1,,,AGG2,
08MN14C06XXX,45,0000-100092,3/5/2022 0:00,,0,1,0,,KG,1,1,,,0,N,0,N,0,1,,,,100,,R01-0-01,,N,0,tiptop,3/5/2022 0:00,abmi600,R01JAT-801,,N,0,,,,,,,,,,,,,,,,0,1,,,AGG3,
08MN14C06XXX,50,0002-100015,3/5/2022 0:00,,0.44,1,0,,KG,1,1,,,1,N,0,N,0,1,,,,100,,R01-0-01,,N,0,tiptop,3/5/2022 0:00,abmi600,R01JAT-801,,N,0,,,,,,,,,,,,,,,,0,1,,,PLAST,
08MN14C06XXX,55,0002-100017,3/5/2022 0:00,,0.00,1,0,,KG,1,1,,,0,N,0,N,0,1,,,,100,,R01-0-01,,N,0,tiptop,3/5/2022 0:00,abmi600,R01JAT-801,,N,0,,,,,,,,,,,,,,,,0,1,,,SK 183,
08MN14C06XXX,60,0002-100402,3/5/2022 0:00,,0.00,1,0,,KG,1,1,,,0,N,0,N,0,1,,,,100,,R01-0-01,,N,0,tiptop,3/5/2022 0:00,abmi600,R01JAT-801,,N,0,,,,,,,,,,,,,,,,0,1,,,VIS 1003,
10MN14C06XXX,10,0000-100030,3/5/2022 0:00,,185,1,0,,KG,1,1,,,0,N,0,N,0,1,,,,100,,R01-0-02,,N,0,tiptop,3/5/2022 0:00,abmi600,R01JAT-801,,N,0,,,,,,,,,,,,,,,,0,1,,,WATER,1640
10MN14C06XXX,15,0000-100011,3/5/2022 0:00,,164,1,0,,KG,1,1,,,0,N,0,N,0,1,,,,100,,R01-0-01,,N,0,tiptop,3/5/2022 0:00,abmi600,R01JAT-801,,N,0,,,,,,,,,,,,,,,,0,1,,,SEMEN,
10MN14C06XXX,20,0000-000015,3/5/2022 0:00,,55,1,0,,KG,1,1,,,1,N,0,N,0,1,,,,100,,R01-0-01,,N,0,tiptop,3/5/2022 0:00,abmi600,R01JAT-801,,N,0,,,,,,,,,,,,,,,,0,1,,,FA,
10MN14C06XXX,25,0000-100094,3/5/2022 0:00,,1096,1,0,,KG,1,1,,,0,N,0,N,0,1,,,,100,,R01-0-Z0,,N,0,tiptop,3/5/2022 0:00,abmi600,R01JAT-801,,N,0,,,,,,,,,,,,,,,,0,1,,,SAND,
10MN14C06XXX,30,0000-100089,3/5/2022 0:00,,0,1,0,,KG,1,1,,,1,N,0,N,0,1,,,,100,,R01-0-01,,N,0,tiptop,3/5/2022 0:00,abmi600,R01JAT-801,,N,0,,,,,,,,,,,,,,,,0,1,,,MSAND,
10MN14C06XXX,35,0000-100090,3/5/2022 0:00,,756,1,0,,KG,1,1,,,1,N,0,N,0,1,,,,100,,R01-0-01,,N,0,tiptop,3/5/2022 0:00,abmi600,R01JAT-801,,N,0,,,,,,,,,,,,,,,,0,1,,,AGG1,
10MN14C06XXX,40,0000-100091,3/5/2022 0:00,,0,1,0,,KG,1,1,,,0,N,0,N,0,1,,,,100,,R01-0-01,,N,0,tiptop,3/5/2022 0:00,abmi600,R01JAT-801,,N,0,,,,,,,,,,,,,,,,0,1,,,AGG2,
10MN14C06XXX,45,0000-100092,3/5/2022 0:00,,0,1,0,,KG,1,1,,,0,N,0,N,0,1,,,,100,,R01-0-01,,N,0,tiptop,3/5/2022 0:00,abmi600,R01JAT-801,,N,0,,,,,,,,,,,,,,,,0,1,,,AGG3,
10MN14C06XXX,50,0002-100015,3/5/2022 0:00,,0.48,1,0,,KG,1,1,,,1,N,0,N,0,1,,,,100,,R01-0-01,,N,0,tiptop,3/5/2022 0:00,abmi600,R01JAT-801,,N,0,,,,,,,,,,,,,,,,0,1,,,PLAST,
10MN14C06XXX,55,0002-100017,3/5/2022 0:00,,0.00,1,0,,KG,1,1,,,0,N,0,N,0,1,,,,100,,R01-0-01,,N,0,tiptop,3/5/2022 0:00,abmi600,R01JAT-801,,N,0,,,,,,,,,,,,,,,,0,1,,,SK 183,
10MN14C06XXX,60,0002-100402,3/5/2022 0:00,,0.00,1,0,,KG,1,1,,,0,N,0,N,0,1,,,,100,,R01-0-01,,N,0,tiptop,3/5/2022 0:00,abmi600,R01JAT-801,,N,0,,,,,,,,,,,,,,,,0,1,,,VIS 1003,
12MN14C06XXX,10,0000-100030,3/5/2022 0:00,,185,1,0,,KG,1,1,,,0,N,0,N,0,1,,,,100,,R01-0-02,,N,0,tiptop,3/5/2022 0:00,abmi600,R01JAT-801,,N,0,,,,,,,,,,,,,,,,0,1,,,WATER,1641
12MN14C06XXX,15,0000-100011,3/5/2022 0:00,,178,1,0,,KG,1,1,,,0,N,0,N,0,1,,,,100,,R01-0-01,,N,0,tiptop,3/5/2022 0:00,abmi600,R01JAT-801,,N,0,,,,,,,,,,,,,,,,0,1,,,SEMEN,
12MN14C06XXX,20,0000-000015,3/5/2022 0:00,,59,1,0,,KG,1,1,,,1,N,0,N,0,1,,,,100,,R01-0-01,,N,0,tiptop,3/5/2022 0:00,abmi600,R01JAT-801,,N,0,,,,,,,,,,,,,,,,0,1,,,FA,
12MN14C06XXX,25,0000-100094,3/5/2022 0:00,,1079,1,0,,KG,1,1,,,0,N,0,N,0,1,,,,100,,R01-0-Z0,,N,0,tiptop,3/5/2022 0:00,abmi600,R01JAT-801,,N,0,,,,,,,,,,,,,,,,0,1,,,SAND,
12MN14C06XXX,30,0000-100089,3/5/2022 0:00,,0,1,0,,KG,1,1,,,1,N,0,N,0,1,,,,100,,R01-0-01,,N,0,tiptop,3/5/2022 0:00,abmi600,R01JAT-801,,N,0,,,,,,,,,,,,,,,,0,1,,,MSAND,
12MN14C06XXX,35,0000-100090,3/5/2022 0:00,,756,1,0,,KG,1,1,,,1,N,0,N,0,1,,,,100,,R01-0-01,,N,0,tiptop,3/5/2022 0:00,abmi600,R01JAT-801,,N,0,,,,,,,,,,,,,,,,0,1,,,AGG1,
12MN14C06XXX,40,0000-100091,3/5/2022 0:00,,0,1,0,,KG,1,1,,,0,N,0,N,0,1,,,,100,,R01-0-01,,N,0,tiptop,3/5/2022 0:00,abmi600,R01JAT-801,,N,0,,,,,,,,,,,,,,,,0,1,,,AGG2,
12MN14C06XXX,45,0000-100092,3/5/2022 0:00,,0,1,0,,KG,1,1,,,0,N,0,N,0,1,,,,100,,R01-0-01,,N,0,tiptop,3/5/2022 0:00,abmi600,R01JAT-801,,N,0,,,,,,,,,,,,,,,,0,1,,,AGG3,
12MN14C06XXX,50,0002-100015,3/5/2022 0:00,,0.52,1,0,,KG,1,1,,,1,N,0,N,0,1,,,,100,,R01-0-01,,N,0,tiptop,3/5/2022 0:00,abmi600,R01JAT-801,,N,0,,,,,,,,,,,,,,,,0,1,,,PLAST,
12MN14C06XXX,55,0002-100017,3/5/2022 0:00,,0.00,1,0,,KG,1,1,,,0,N,0,N,0,1,,,,100,,R01-0-01,,N,0,tiptop,3/5/2022 0:00,abmi600,R01JAT-801,,N,0,,,,,,,,,,,,,,,,0,1,,,SK 183,
12MN14C06XXX,60,0002-100402,3/5/2022 0:00,,0.00,1,0,,KG,1,1,,,0,N,0,N,0,1,,,,100,,R01-0-01,,N,0,tiptop,3/5/2022 0:00,abmi600,R01JAT-801,,N,0,,,,,,,,,,,,,,,,0,1,,,VIS 1003,
14MN14C06XXX,10,0000-100030,3/5/2022 0:00,,185,1,0,,KG,1,1,,,0,N,0,N,0,1,,,,100,,R01-0-02,,N,0,tiptop,3/5/2022 0:00,abmi600,R01JAT-801,,N,0,,,,,,,,,,,,,,,,0,1,,,WATER,1642
14MN14C06XXX,15,0000-100011,3/5/2022 0:00,,192,1,0,,KG,1,1,,,0,N,0,N,0,1,,,,100,,R01-0-01,,N,0,tiptop,3/5/2022 0:00,abmi600,R01JAT-801,,N,0,,,,,,,,,,,,,,,,0,1,,,SEMEN,
14MN14C06XXX,20,0000-000015,3/5/2022 0:00,,64,1,0,,KG,1,1,,,1,N,0,N,0,1,,,,100,,R01-0-01,,N,0,tiptop,3/5/2022 0:00,abmi600,R01JAT-801,,N,0,,,,,,,,,,,,,,,,0,1,,,FA,
14MN14C06XXX,25,0000-100094,3/5/2022 0:00,,1061,1,0,,KG,1,1,,,0,N,0,N,0,1,,,,100,,R01-0-Z0,,N,0,tiptop,3/5/2022 0:00,abmi600,R01JAT-801,,N,0,,,,,,,,,,,,,,,,0,1,,,SAND,
14MN14C06XXX,30,0000-100089,3/5/2022 0:00,,0,1,0,,KG,1,1,,,1,N,0,N,0,1,,,,100,,R01-0-01,,N,0,tiptop,3/5/2022 0:00,abmi600,R01JAT-801,,N,0,,,,,,,,,,,,,,,,0,1,,,MSAND,
14MN14C06XXX,35,0000-100090,3/5/2022 0:00,,756,1,0,,KG,1,1,,,1,N,0,N,0,1,,,,100,,R01-0-01,,N,0,tiptop,3/5/2022 0:00,abmi600,R01JAT-801,,N,0,,,,,,,,,,,,,,,,0,1,,,AGG1,
14MN14C06XXX,40,0000-100091,3/5/2022 0:00,,0,1,0,,KG,1,1,,,0,N,0,N,0,1,,,,100,,R01-0-01,,N,0,tiptop,3/5/2022 0:00,abmi600,R01JAT-801,,N,0,,,,,,,,,,,,,,,,0,1,,,AGG2,
14MN14C06XXX,45,0000-100092,3/5/2022 0:00,,0,1,0,,KG,1,1,,,0,N,0,N,0,1,,,,100,,R01-0-01,,N,0,tiptop,3/5/2022 0:00,abmi600,R01JAT-801,,N,0,,,,,,,,,,,,,,,,0,1,,,AGG3,
14MN14C06XXX,50,0002-100015,3/5/2022 0:00,,0.56,1,0,,KG,1,1,,,1,N,0,N,0,1,,,,100,,R01-0-01,,N,0,tiptop,3/5/2022 0:00,abmi600,R01JAT-801,,N,0,,,,,,,,,,,,,,,,0,1,,,PLAST,
14MN14C06XXX,55,0002-100017,3/5/2022 0:00,,0.00,1,0,,KG,1,1,,,0,N,0,N,0,1,,,,100,,R01-0-01,,N,0,tiptop,3/5/2022 0:00,abmi600,R01JAT-801,,N,0,,,,,,,,,,,,,,,,0,1,,,SK 183,
14MN14C06XXX,60,0002-100402,3/5/2022 0:00,,0.00,1,0,,KG,1,1,,,0,N,0,N,0,1,,,,100,,R01-0-01,,N,0,tiptop,3/5/2022 0:00,abmi600,R01JAT-801,,N,0,,,,,,,,,,,,,,,,0,1,,,VIS 1003,
16MN14C06XXX,10,0000-100030,3/5/2022 0:00,,185,1,0,,KG,1,1,,,0,N,0,N,0,1,,,,100,,R01-0-02,,N,0,tiptop,3/5/2022 0:00,abmi600,R01JAT-801,,N,0,,,,,,,,,,,,,,,,0,1,,,WATER,1643
16MN14C06XXX,15,0000-100011,3/5/2022 0:00,,206,1,0,,KG,1,1,,,0,N,0,N,0,1,,,,100,,R01-0-01,,N,0,tiptop,3/5/2022 0:00,abmi600,R01JAT-801,,N,0,,,,,,,,,,,,,,,,0,1,,,SEMEN,
16MN14C06XXX,20,0000-000015,3/5/2022 0:00,,69,1,0,,KG,1,1,,,1,N,0,N,0,1,,,,100,,R01-0-01,,N,0,tiptop,3/5/2022 0:00,abmi600,R01JAT-801,,N,0,,,,,,,,,,,,,,,,0,1,,,FA,
16MN14C06XXX,25,0000-100094,3/5/2022 0:00,,1044,1,0,,KG,1,1,,,0,N,0,N,0,1,,,,100,,R01-0-Z0,,N,0,tiptop,3/5/2022 0:00,abmi600,R01JAT-801,,N,0,,,,,,,,,,,,,,,,0,1,,,SAND,
16MN14C06XXX,30,0000-100089,3/5/2022 0:00,,0,1,0,,KG,1,1,,,1,N,0,N,0,1,,,,100,,R01-0-01,,N,0,tiptop,3/5/2022 0:00,abmi600,R01JAT-801,,N,0,,,,,,,,,,,,,,,,0,1,,,MSAND,
16MN14C06XXX,35,0000-100090,3/5/2022 0:00,,756,1,0,,KG,1,1,,,1,N,0,N,0,1,,,,100,,R01-0-01,,N,0,tiptop,3/5/2022 0:00,abmi600,R01JAT-801,,N,0,,,,,,,,,,,,,,,,0,1,,,AGG1,
16MN14C06XXX,40,0000-100091,3/5/2022 0:00,,0,1,0,,KG,1,1,,,0,N,0,N,0,1,,,,100,,R01-0-01,,N,0,tiptop,3/5/2022 0:00,abmi600,R01JAT-801,,N,0,,,,,,,,,,,,,,,,0,1,,,AGG2,
16MN14C06XXX,45,0000-100092,3/5/2022 0:00,,0,1,0,,KG,1,1,,,0,N,0,N,0,1,,,,100,,R01-0-01,,N,0,tiptop,3/5/2022 0:00,abmi600,R01JAT-801,,N,0,,,,,,,,,,,,,,,,0,1,,,AGG3,
16MN14C06XXX,50,0002-100015,3/5/2022 0:00,,0.60,1,0,,KG,1,1,,,1,N,0,N,0,1,,,,100,,R01-0-01,,N,0,tiptop,3/5/2022 0:00,abmi600,R01JAT-801,,N,0,,,,,,,,,,,,,,,,0,1,,,PLAST,
16MN14C06XXX,55,0002-100017,3/5/2022 0:00,,0.00,1,0,,KG,1,1,,,0,N,0,N,0,1,,,,100,,R01-0-01,,N,0,tiptop,3/5/2022 0:00,abmi600,R01JAT-801,,N,0,,,,,,,,,,,,,,,,0,1,,,SK 183,
16MN14C06XXX,60,0002-100402,3/5/2022 0:00,,0.00,1,0,,KG,1,1,,,0,N,0,N,0,1,,,,100,,R01-0-01,,N,0,tiptop,3/5/2022 0:00,abmi600,R01JAT-801,,N,0,,,,,,,,,,,,,,,,0,1,,,VIS 1003,
18MN14C06XXX,10,0000-100030,3/5/2022 0:00,,185,1,0,,KG,1,1,,,0,N,0,N,0,1,,,,100,,R01-0-02,,N,0,tiptop,3/5/2022 0:00,abmi600,R01JAT-801,,N,0,,,,,,,,,,,,,,,,0,1,,,WATER,1644
18MN14C06XXX,15,0000-100011,3/5/2022 0:00,,220,1,0,,KG,1,1,,,0,N,0,N,0,1,,,,100,,R01-0-01,,N,0,tiptop,3/5/2022 0:00,abmi600,R01JAT-801,,N,0,,,,,,,,,,,,,,,,0,1,,,SEMEN,
18MN14C06XXX,20,0000-000015,3/5/2022 0:00,,73,1,0,,KG,1,1,,,1,N,0,N,0,1,,,,100,,R01-0-01,,N,0,tiptop,3/5/2022 0:00,abmi600,R01JAT-801,,N,0,,,,,,,,,,,,,,,,0,1,,,FA,
18MN14C06XXX,25,0000-100094,3/5/2022 0:00,,1027,1,0,,KG,1,1,,,0,N,0,N,0,1,,,,100,,R01-0-Z0,,N,0,tiptop,3/5/2022 0:00,abmi600,R01JAT-801,,N,0,,,,,,,,,,,,,,,,0,1,,,SAND,
18MN14C06XXX,30,0000-100089,3/5/2022 0:00,,0,1,0,,KG,1,1,,,1,N,0,N,0,1,,,,100,,R01-0-01,,N,0,tiptop,3/5/2022 0:00,abmi600,R01JAT-801,,N,0,,,,,,,,,,,,,,,,0,1,,,MSAND,
18MN14C06XXX,35,0000-100090,3/5/2022 0:00,,756,1,0,,KG,1,1,,,1,N,0,N,0,1,,,,100,,R01-0-01,,N,0,tiptop,3/5/2022 0:00,abmi600,R01JAT-801,,N,0,,,,,,,,,,,,,,,,0,1,,,AGG1,
18MN14C06XXX,40,0000-100091,3/5/2022 0:00,,0,1,0,,KG,1,1,,,0,N,0,N,0,1,,,,100,,R01-0-01,,N,0,tiptop,3/5/2022 0:00,abmi600,R01JAT-801,,N,0,,,,,,,,,,,,,,,,0,1,,,AGG2,
18MN14C06XXX,45,0000-100092,3/5/2022 0:00,,0,1,0,,KG,1,1,,,0,N,0,N,0,1,,,,100,,R01-0-01,,N,0,tiptop,3/5/2022 0:00,abmi600,R01JAT-801,,N,0,,,,,,,,,,,,,,,,0,1,,,AGG3,
18MN14C06XXX,50,0002-100015,3/5/2022 0:00,,0.65,1,0,,KG,1,1,,,1,N,0,N,0,1,,,,100,,R01-0-01,,N,0,tiptop,3/5/2022 0:00,abmi600,R01JAT-801,,N,0,,,,,,,,,,,,,,,,0,1,,,PLAST,
18MN14C06XXX,55,0002-100017,3/5/2022 0:00,,0.00,1,0,,KG,1,1,,,0,N,0,N,0,1,,,,100,,R01-0-01,,N,0,tiptop,3/5/2022 0:00,abmi600,R01JAT-801,,N,0,,,,,,,,,,,,,,,,0,1,,,SK 183,
18MN14C06XXX,60,0002-100402,3/5/2022 0:00,,0.00,1,0,,KG,1,1,,,0,N,0,N,0,1,,,,100,,R01-0-01,,N,0,tiptop,3/5/2022 0:00,abmi600,R01JAT-801,,N,0,,,,,,,,,,,,,,,,0,1,,,VIS 1003,
20MN14C06XXX,10,0000-100030,3/5/2022 0:00,,185,1,0,,KG,1,1,,,0,N,0,N,0,1,,,,100,,R01-0-02,,N,0,tiptop,3/5/2022 0:00,abmi600,R01JAT-801,,N,0,,,,,,,,,,,,,,,,0,1,,,WATER,1645
20MN14C06XXX,15,0000-100011,3/5/2022 0:00,,235,1,0,,KG,1,1,,,0,N,0,N,0,1,,,,100,,R01-0-01,,N,0,tiptop,3/5/2022 0:00,abmi600,R01JAT-801,,N,0,,,,,,,,,,,,,,,,0,1,,,SEMEN,
20MN14C06XXX,20,0000-000015,3/5/2022 0:00,,78,1,0,,KG,1,1,,,1,N,0,N,0,1,,,,100,,R01-0-01,,N,0,tiptop,3/5/2022 0:00,abmi600,R01JAT-801,,N,0,,,,,,,,,,,,,,,,0,1,,,FA,
20MN14C06XXX,25,0000-100094,3/5/2022 0:00,,1009,1,0,,KG,1,1,,,0,N,0,N,0,1,,,,100,,R01-0-Z0,,N,0,tiptop,3/5/2022 0:00,abmi600,R01JAT-801,,N,0,,,,,,,,,,,,,,,,0,1,,,SAND,
20MN14C06XXX,30,0000-100089,3/5/2022 0:00,,0,1,0,,KG,1,1,,,1,N,0,N,0,1,,,,100,,R01-0-01,,N,0,tiptop,3/5/2022 0:00,abmi600,R01JAT-801,,N,0,,,,,,,,,,,,,,,,0,1,,,MSAND,
20MN14C06XXX,35,0000-100090,3/5/2022 0:00,,756,1,0,,KG,1,1,,,1,N,0,N,0,1,,,,100,,R01-0-01,,N,0,tiptop,3/5/2022 0:00,abmi600,R01JAT-801,,N,0,,,,,,,,,,,,,,,,0,1,,,AGG1,
20MN14C06XXX,40,0000-100091,3/5/2022 0:00,,0,1,0,,KG,1,1,,,0,N,0,N,0,1,,,,100,,R01-0-01,,N,0,tiptop,3/5/2022 0:00,abmi600,R01JAT-801,,N,0,,,,,,,,,,,,,,,,0,1,,,AGG2,
20MN14C06XXX,45,0000-100092,3/5/2022 0:00,,0,1,0,,KG,1,1,,,0,N,0,N,0,1,,,,100,,R01-0-01,,N,0,tiptop,3/5/2022 0:00,abmi600,R01JAT-801,,N,0,,,,,,,,,,,,,,,,0,1,,,AGG3,
20MN14C06XXX,50,0002-100015,3/5/2022 0:00,,0.69,1,0,,KG,1,1,,,1,N,0,N,0,1,,,,100,,R01-0-01,,N,0,tiptop,3/5/2022 0:00,abmi600,R01JAT-801,,N,0,,,,,,,,,,,,,,,,0,1,,,PLAST,
20MN14C06XXX,55,0002-100017,3/5/2022 0:00,,0.00,1,0,,KG,1,1,,,0,N,0,N,0,1,,,,100,,R01-0-01,,N,0,tiptop,3/5/2022 0:00,abmi600,R01JAT-801,,N,0,,,,,,,,,,,,,,,,0,1,,,SK 183,
20MN14C06XXX,60,0002-100402,3/5/2022 0:00,,0.00,1,0,,KG,1,1,,,0,N,0,N,0,1,,,,100,,R01-0-01,,N,0,tiptop,3/5/2022 0:00,abmi600,R01JAT-801,,N,0,,,,,,,,,,,,,,,,0,1,,,VIS 1003,
22MN14C06XXX,10,0000-100030,3/5/2022 0:00,,183,1,0,,KG,1,1,,,0,N,0,N,0,1,,,,100,,R01-0-02,,N,0,tiptop,3/5/2022 0:00,abmi600,R01JAT-801,,N,0,,,,,,,,,,,,,,,,0,1,,,WATER,1646
22MN14C06XXX,15,0000-100011,3/5/2022 0:00,,247,1,0,,KG,1,1,,,0,N,0,N,0,1,,,,100,,R01-0-01,,N,0,tiptop,3/5/2022 0:00,abmi600,R01JAT-801,,N,0,,,,,,,,,,,,,,,,0,1,,,SEMEN,
22MN14C06XXX,20,0000-000015,3/5/2022 0:00,,82,1,0,,KG,1,1,,,1,N,0,N,0,1,,,,100,,R01-0-01,,N,0,tiptop,3/5/2022 0:00,abmi600,R01JAT-801,,N,0,,,,,,,,,,,,,,,,0,1,,,FA,
22MN14C06XXX,25,0000-100094,3/5/2022 0:00,,998,1,0,,KG,1,1,,,0,N,0,N,0,1,,,,100,,R01-0-Z0,,N,0,tiptop,3/5/2022 0:00,abmi600,R01JAT-801,,N,0,,,,,,,,,,,,,,,,0,1,,,SAND,
22MN14C06XXX,30,0000-100089,3/5/2022 0:00,,0,1,0,,KG,1,1,,,1,N,0,N,0,1,,,,100,,R01-0-01,,N,0,tiptop,3/5/2022 0:00,abmi600,R01JAT-801,,N,0,,,,,,,,,,,,,,,,0,1,,,MSAND,
22MN14C06XXX,35,0000-100090,3/5/2022 0:00,,756,1,0,,KG,1,1,,,1,N,0,N,0,1,,,,100,,R01-0-01,,N,0,tiptop,3/5/2022 0:00,abmi600,R01JAT-801,,N,0,,,,,,,,,,,,,,,,0,1,,,AGG1,
22MN14C06XXX,40,0000-100091,3/5/2022 0:00,,0,1,0,,KG,1,1,,,0,N,0,N,0,1,,,,100,,R01-0-01,,N,0,tiptop,3/5/2022 0:00,abmi600,R01JAT-801,,N,0,,,,,,,,,,,,,,,,0,1,,,AGG2,
22MN14C06XXX,45,0000-100092,3/5/2022 0:00,,0,1,0,,KG,1,1,,,0,N,0,N,0,1,,,,100,,R01-0-01,,N,0,tiptop,3/5/2022 0:00,abmi600,R01JAT-801,,N,0,,,,,,,,,,,,,,,,0,1,,,AGG3,
22MN14C06XXX,50,0002-100015,3/5/2022 0:00,,0.72,1,0,,KG,1,1,,,1,N,0,N,0,1,,,,100,,R01-0-01,,N,0,tiptop,3/5/2022 0:00,abmi600,R01JAT-801,,N,0,,,,,,,,,,,,,,,,0,1,,,PLAST,
22MN14C06XXX,55,0002-100017,3/5/2022 0:00,,0.79,1,0,,KG,1,1,,,0,N,0,N,0,1,,,,100,,R01-0-01,,N,0,tiptop,3/5/2022 0:00,abmi600,R01JAT-801,,N,0,,,,,,,,,,,,,,,,0,1,,,SK 183,
22MN14C06XXX,60,0002-100402,3/5/2022 0:00,,0.00,1,0,,KG,1,1,,,0,N,0,N,0,1,,,,100,,R01-0-01,,N,0,tiptop,3/5/2022 0:00,abmi600,R01JAT-801,,N,0,,,,,,,,,,,,,,,,0,1,,,VIS 1003,
25MN14C06XXX,10,0000-100030,3/5/2022 0:00,,183,1,0,,KG,1,1,,,0,N,0,N,0,1,,,,100,,R01-0-02,,N,0,tiptop,3/5/2022 0:00,abmi600,R01JAT-801,,N,0,,,,,,,,,,,,,,,,0,1,,,WATER,1647
25MN14C06XXX,15,0000-100011,3/5/2022 0:00,,269,1,0,,KG,1,1,,,0,N,0,N,0,1,,,,100,,R01-0-01,,N,0,tiptop,3/5/2022 0:00,abmi600,R01JAT-801,,N,0,,,,,,,,,,,,,,,,0,1,,,SEMEN,
25MN14C06XXX,20,0000-000015,3/5/2022 0:00,,90,1,0,,KG,1,1,,,1,N,0,N,0,1,,,,100,,R01-0-01,,N,0,tiptop,3/5/2022 0:00,abmi600,R01JAT-801,,N,0,,,,,,,,,,,,,,,,0,1,,,FA,
25MN14C06XXX,25,0000-100094,3/5/2022 0:00,,969,1,0,,KG,1,1,,,0,N,0,N,0,1,,,,100,,R01-0-Z0,,N,0,tiptop,3/5/2022 0:00,abmi600,R01JAT-801,,N,0,,,,,,,,,,,,,,,,0,1,,,SAND,
25MN14C06XXX,30,0000-100089,3/5/2022 0:00,,0,1,0,,KG,1,1,,,1,N,0,N,0,1,,,,100,,R01-0-01,,N,0,tiptop,3/5/2022 0:00,abmi600,R01JAT-801,,N,0,,,,,,,,,,,,,,,,0,1,,,MSAND,
25MN14C06XXX,35,0000-100090,3/5/2022 0:00,,756,1,0,,KG,1,1,,,1,N,0,N,0,1,,,,100,,R01-0-01,,N,0,tiptop,3/5/2022 0:00,abmi600,R01JAT-801,,N,0,,,,,,,,,,,,,,,,0,1,,,AGG1,
25MN14C06XXX,40,0000-100091,3/5/2022 0:00,,0,1,0,,KG,1,1,,,0,N,0,N,0,1,,,,100,,R01-0-01,,N,0,tiptop,3/5/2022 0:00,abmi600,R01JAT-801,,N,0,,,,,,,,,,,,,,,,0,1,,,AGG2,
25MN14C06XXX,45,0000-100092,3/5/2022 0:00,,0,1,0,,KG,1,1,,,0,N,0,N,0,1,,,,100,,R01-0-01,,N,0,tiptop,3/5/2022 0:00,abmi600,R01JAT-801,,N,0,,,,,,,,,,,,,,,,0,1,,,AGG3,
25MN14C06XXX,50,0002-100015,3/5/2022 0:00,,0.79,1,0,,KG,1,1,,,1,N,0,N,0,1,,,,100,,R01-0-01,,N,0,tiptop,3/5/2022 0:00,abmi600,R01JAT-801,,N,0,,,,,,,,,,,,,,,,0,1,,,PLAST,
25MN14C06XXX,55,0002-100017,3/5/2022 0:00,,0.87,1,0,,KG,1,1,,,0,N,0,N,0,1,,,,100,,R01-0-01,,N,0,tiptop,3/5/2022 0:00,abmi600,R01JAT-801,,N,0,,,,,,,,,,,,,,,,0,1,,,SK 183,
25MN14C06XXX,60,0002-100402,3/5/2022 0:00,,0.00,1,0,,KG,1,1,,,0,N,0,N,0,1,,,,100,,R01-0-01,,N,0,tiptop,3/5/2022 0:00,abmi600,R01JAT-801,,N,0,,,,,,,,,,,,,,,,0,1,,,VIS 1003,
27MN14C06XXX,10,0000-100030,3/5/2022 0:00,,183,1,0,,KG,1,1,,,0,N,0,N,0,1,,,,100,,R01-0-02,,N,0,tiptop,3/5/2022 0:00,abmi600,R01JAT-801,,N,0,,,,,,,,,,,,,,,,0,1,,,WATER,1648
27MN14C06XXX,15,0000-100011,3/5/2022 0:00,,285,1,0,,KG,1,1,,,0,N,0,N,0,1,,,,100,,R01-0-01,,N,0,tiptop,3/5/2022 0:00,abmi600,R01JAT-801,,N,0,,,,,,,,,,,,,,,,0,1,,,SEMEN,
27MN14C06XXX,20,0000-000015,3/5/2022 0:00,,95,1,0,,KG,1,1,,,1,N,0,N,0,1,,,,100,,R01-0-01,,N,0,tiptop,3/5/2022 0:00,abmi600,R01JAT-801,,N,0,,,,,,,,,,,,,,,,0,1,,,FA,
27MN14C06XXX,25,0000-100094,3/5/2022 0:00,,950,1,0,,KG,1,1,,,0,N,0,N,0,1,,,,100,,R01-0-Z0,,N,0,tiptop,3/5/2022 0:00,abmi600,R01JAT-801,,N,0,,,,,,,,,,,,,,,,0,1,,,SAND,
27MN14C06XXX,30,0000-100089,3/5/2022 0:00,,0,1,0,,KG,1,1,,,1,N,0,N,0,1,,,,100,,R01-0-01,,N,0,tiptop,3/5/2022 0:00,abmi600,R01JAT-801,,N,0,,,,,,,,,,,,,,,,0,1,,,MSAND,
27MN14C06XXX,35,0000-100090,3/5/2022 0:00,,756,1,0,,KG,1,1,,,1,N,0,N,0,1,,,,100,,R01-0-01,,N,0,tiptop,3/5/2022 0:00,abmi600,R01JAT-801,,N,0,,,,,,,,,,,,,,,,0,1,,,AGG1,
27MN14C06XXX,40,0000-100091,3/5/2022 0:00,,0,1,0,,KG,1,1,,,0,N,0,N,0,1,,,,100,,R01-0-01,,N,0,tiptop,3/5/2022 0:00,abmi600,R01JAT-801,,N,0,,,,,,,,,,,,,,,,0,1,,,AGG2,
27MN14C06XXX,45,0000-100092,3/5/2022 0:00,,0,1,0,,KG,1,1,,,0,N,0,N,0,1,,,,100,,R01-0-01,,N,0,tiptop,3/5/2022 0:00,abmi600,R01JAT-801,,N,0,,,,,,,,,,,,,,,,0,1,,,AGG3,
27MN14C06XXX,50,0002-100015,3/5/2022 0:00,,0.84,1,0,,KG,1,1,,,1,N,0,N,0,1,,,,100,,R01-0-01,,N,0,tiptop,3/5/2022 0:00,abmi600,R01JAT-801,,N,0,,,,,,,,,,,,,,,,0,1,,,PLAST,
27MN14C06XXX,55,0002-100017,3/5/2022 0:00,,0.92,1,0,,KG,1,1,,,0,N,0,N,0,1,,,,100,,R01-0-01,,N,0,tiptop,3/5/2022 0:00,abmi600,R01JAT-801,,N,0,,,,,,,,,,,,,,,,0,1,,,SK 183,
27MN14C06XXX,60,0002-100402,3/5/2022 0:00,,0.00,1,0,,KG,1,1,,,0,N,0,N,0,1,,,,100,,R01-0-01,,N,0,tiptop,3/5/2022 0:00,abmi600,R01JAT-801,,N,0,,,,,,,,,,,,,,,,0,1,,,VIS 1003,
30MN14C06XXX,10,0000-100030,3/5/2022 0:00,,183,1,0,,KG,1,1,,,0,N,0,N,0,1,,,,100,,R01-0-02,,N,0,tiptop,3/5/2022 0:00,abmi600,R01JAT-801,,N,0,,,,,,,,,,,,,,,,0,1,,,WATER,1649
30MN14C06XXX,15,0000-100011,3/5/2022 0:00,,310,1,0,,KG,1,1,,,0,N,0,N,0,1,,,,100,,R01-0-01,,N,0,tiptop,3/5/2022 0:00,abmi600,R01JAT-801,,N,0,,,,,,,,,,,,,,,,0,1,,,SEMEN,
30MN14C06XXX,20,0000-000015,3/5/2022 0:00,,103,1,0,,KG,1,1,,,1,N,0,N,0,1,,,,100,,R01-0-01,,N,0,tiptop,3/5/2022 0:00,abmi600,R01JAT-801,,N,0,,,,,,,,,,,,,,,,0,1,,,FA,
30MN14C06XXX,25,0000-100094,3/5/2022 0:00,,919,1,0,,KG,1,1,,,0,N,0,N,0,1,,,,100,,R01-0-Z0,,N,0,tiptop,3/5/2022 0:00,abmi600,R01JAT-801,,N,0,,,,,,,,,,,,,,,,0,1,,,SAND,
30MN14C06XXX,30,0000-100089,3/5/2022 0:00,,0,1,0,,KG,1,1,,,1,N,0,N,0,1,,,,100,,R01-0-01,,N,0,tiptop,3/5/2022 0:00,abmi600,R01JAT-801,,N,0,,,,,,,,,,,,,,,,0,1,,,MSAND,
30MN14C06XXX,35,0000-100090,3/5/2022 0:00,,756,1,0,,KG,1,1,,,1,N,0,N,0,1,,,,100,,R01-0-01,,N,0,tiptop,3/5/2022 0:00,abmi600,R01JAT-801,,N,0,,,,,,,,,,,,,,,,0,1,,,AGG1,
30MN14C06XXX,40,0000-100091,3/5/2022 0:00,,0,1,0,,KG,1,1,,,0,N,0,N,0,1,,,,100,,R01-0-01,,N,0,tiptop,3/5/2022 0:00,abmi600,R01JAT-801,,N,0,,,,,,,,,,,,,,,,0,1,,,AGG2,
30MN14C06XXX,45,0000-100092,3/5/2022 0:00,,0,1,0,,KG,1,1,,,0,N,0,N,0,1,,,,100,,R01-0-01,,N,0,tiptop,3/5/2022 0:00,abmi600,R01JAT-801,,N,0,,,,,,,,,,,,,,,,0,1,,,AGG3,
30MN14C06XXX,50,0002-100015,3/5/2022 0:00,,0.91,1,0,,KG,1,1,,,1,N,0,N,0,1,,,,100,,R01-0-01,,N,0,tiptop,3/5/2022 0:00,abmi600,R01JAT-801,,N,0,,,,,,,,,,,,,,,,0,1,,,PLAST,
30MN14C06XXX,55,0002-100017,3/5/2022 0:00,,1.00,1,0,,KG,1,1,,,0,N,0,N,0,1,,,,100,,R01-0-01,,N,0,tiptop,3/5/2022 0:00,abmi600,R01JAT-801,,N,0,,,,,,,,,,,,,,,,0,1,,,SK 183,
30MN14C06XXX,60,0002-100402,3/5/2022 0:00,,0.00,1,0,,KG,1,1,,,0,N,0,N,0,1,,,,100,,R01-0-01,,N,0,tiptop,3/5/2022 0:00,abmi600,R01JAT-801,,N,0,,,,,,,,,,,,,,,,0,1,,,VIS 1003,
32MN14C06XXX,10,0000-100030,3/5/2022 0:00,,183,1,0,,KG,1,1,,,0,N,0,N,0,1,,,,100,,R01-0-02,,N,0,tiptop,3/5/2022 0:00,abmi600,R01JAT-801,,N,0,,,,,,,,,,,,,,,,0,1,,,WATER,1650
32MN14C06XXX,15,0000-100011,3/5/2022 0:00,,327,1,0,,KG,1,1,,,0,N,0,N,0,1,,,,100,,R01-0-01,,N,0,tiptop,3/5/2022 0:00,abmi600,R01JAT-801,,N,0,,,,,,,,,,,,,,,,0,1,,,SEMEN,
32MN14C06XXX,20,0000-000015,3/5/2022 0:00,,109,1,0,,KG,1,1,,,1,N,0,N,0,1,,,,100,,R01-0-01,,N,0,tiptop,3/5/2022 0:00,abmi600,R01JAT-801,,N,0,,,,,,,,,,,,,,,,0,1,,,FA,
32MN14C06XXX,25,0000-100094,3/5/2022 0:00,,897,1,0,,KG,1,1,,,0,N,0,N,0,1,,,,100,,R01-0-Z0,,N,0,tiptop,3/5/2022 0:00,abmi600,R01JAT-801,,N,0,,,,,,,,,,,,,,,,0,1,,,SAND,
32MN14C06XXX,30,0000-100089,3/5/2022 0:00,,0,1,0,,KG,1,1,,,1,N,0,N,0,1,,,,100,,R01-0-01,,N,0,tiptop,3/5/2022 0:00,abmi600,R01JAT-801,,N,0,,,,,,,,,,,,,,,,0,1,,,MSAND,
32MN14C06XXX,35,0000-100090,3/5/2022 0:00,,756,1,0,,KG,1,1,,,1,N,0,N,0,1,,,,100,,R01-0-01,,N,0,tiptop,3/5/2022 0:00,abmi600,R01JAT-801,,N,0,,,,,,,,,,,,,,,,0,1,,,AGG1,
32MN14C06XXX,40,0000-100091,3/5/2022 0:00,,0,1,0,,KG,1,1,,,0,N,0,N,0,1,,,,100,,R01-0-01,,N,0,tiptop,3/5/2022 0:00,abmi600,R01JAT-801,,N,0,,,,,,,,,,,,,,,,0,1,,,AGG2,
32MN14C06XXX,45,0000-100092,3/5/2022 0:00,,0,1,0,,KG,1,1,,,0,N,0,N,0,1,,,,100,,R01-0-01,,N,0,tiptop,3/5/2022 0:00,abmi600,R01JAT-801,,N,0,,,,,,,,,,,,,,,,0,1,,,AGG3,
32MN14C06XXX,50,0002-100015,3/5/2022 0:00,,0.96,1,0,,KG,1,1,,,1,N,0,N,0,1,,,,100,,R01-0-01,,N,0,tiptop,3/5/2022 0:00,abmi600,R01JAT-801,,N,0,,,,,,,,,,,,,,,,0,1,,,PLAST,
32MN14C06XXX,55,0002-100017,3/5/2022 0:00,,1.05,1,0,,KG,1,1,,,0,N,0,N,0,1,,,,100,,R01-0-01,,N,0,tiptop,3/5/2022 0:00,abmi600,R01JAT-801,,N,0,,,,,,,,,,,,,,,,0,1,,,SK 183,
32MN14C06XXX,60,0002-100402,3/5/2022 0:00,,0.00,1,0,,KG,1,1,,,0,N,0,N,0,1,,,,100,,R01-0-01,,N,0,tiptop,3/5/2022 0:00,abmi600,R01JAT-801,,N,0,,,,,,,,,,,,,,,,0,1,,,VIS 1003,
33MN14C06XXX,10,0000-100030,3/5/2022 0:00,,183,1,0,,KG,1,1,,,0,N,0,N,0,1,,,,100,,R01-0-02,,N,0,tiptop,3/5/2022 0:00,abmi600,R01JAT-801,,N,0,,,,,,,,,,,,,,,,0,1,,,WATER,1651
33MN14C06XXX,15,0000-100011,3/5/2022 0:00,,337,1,0,,KG,1,1,,,0,N,0,N,0,1,,,,100,,R01-0-01,,N,0,tiptop,3/5/2022 0:00,abmi600,R01JAT-801,,N,0,,,,,,,,,,,,,,,,0,1,,,SEMEN,
33MN14C06XXX,20,0000-000015,3/5/2022 0:00,,112,1,0,,KG,1,1,,,1,N,0,N,0,1,,,,100,,R01-0-01,,N,0,tiptop,3/5/2022 0:00,abmi600,R01JAT-801,,N,0,,,,,,,,,,,,,,,,0,1,,,FA,
33MN14C06XXX,25,0000-100094,3/5/2022 0:00,,886,1,0,,KG,1,1,,,0,N,0,N,0,1,,,,100,,R01-0-Z0,,N,0,tiptop,3/5/2022 0:00,abmi600,R01JAT-801,,N,0,,,,,,,,,,,,,,,,0,1,,,SAND,
33MN14C06XXX,30,0000-100089,3/5/2022 0:00,,0,1,0,,KG,1,1,,,1,N,0,N,0,1,,,,100,,R01-0-01,,N,0,tiptop,3/5/2022 0:00,abmi600,R01JAT-801,,N,0,,,,,,,,,,,,,,,,0,1,,,MSAND,
33MN14C06XXX,35,0000-100090,3/5/2022 0:00,,756,1,0,,KG,1,1,,,1,N,0,N,0,1,,,,100,,R01-0-01,,N,0,tiptop,3/5/2022 0:00,abmi600,R01JAT-801,,N,0,,,,,,,,,,,,,,,,0,1,,,AGG1,
33MN14C06XXX,40,0000-100091,3/5/2022 0:00,,0,1,0,,KG,1,1,,,0,N,0,N,0,1,,,,100,,R01-0-01,,N,0,tiptop,3/5/2022 0:00,abmi600,R01JAT-801,,N,0,,,,,,,,,,,,,,,,0,1,,,AGG2,
33MN14C06XXX,45,0000-100092,3/5/2022 0:00,,0,1,0,,KG,1,1,,,0,N,0,N,0,1,,,,100,,R01-0-01,,N,0,tiptop,3/5/2022 0:00,abmi600,R01JAT-801,,N,0,,,,,,,,,,,,,,,,0,1,,,AGG3,
33MN14C06XXX,50,0002-100015,3/5/2022 0:00,,0.99,1,0,,KG,1,1,,,1,N,0,N,0,1,,,,100,,R01-0-01,,N,0,tiptop,3/5/2022 0:00,abmi600,R01JAT-801,,N,0,,,,,,,,,,,,,,,,0,1,,,PLAST,
33MN14C06XXX,55,0002-100017,3/5/2022 0:00,,1.08,1,0,,KG,1,1,,,0,N,0,N,0,1,,,,100,,R01-0-01,,N,0,tiptop,3/5/2022 0:00,abmi600,R01JAT-801,,N,0,,,,,,,,,,,,,,,,0,1,,,SK 183,
33MN14C06XXX,60,0002-100402,3/5/2022 0:00,,0.00,1,0,,KG,1,1,,,0,N,0,N,0,1,,,,100,,R01-0-01,,N,0,tiptop,3/5/2022 0:00,abmi600,R01JAT-801,,N,0,,,,,,,,,,,,,,,,0,1,,,VIS 1003,
35MN14C06XXX,10,0000-100030,3/5/2022 0:00,,171,1,0,,KG,1,1,,,0,N,0,N,0,1,,,,100,,R01-0-02,,N,0,tiptop,3/5/2022 0:00,abmi600,R01JAT-801,,N,0,,,,,,,,,,,,,,,,0,1,,,WATER,1652
35MN14C06XXX,15,0000-100011,3/5/2022 0:00,,332,1,0,,KG,1,1,,,0,N,0,N,0,1,,,,100,,R01-0-01,,N,0,tiptop,3/5/2022 0:00,abmi600,R01JAT-801,,N,0,,,,,,,,,,,,,,,,0,1,,,SEMEN,
35MN14C06XXX,20,0000-000015,3/5/2022 0:00,,111,1,0,,KG,1,1,,,1,N,0,N,0,1,,,,100,,R01-0-01,,N,0,tiptop,3/5/2022 0:00,abmi600,R01JAT-801,,N,0,,,,,,,,,,,,,,,,0,1,,,FA,
35MN14C06XXX,25,0000-100094,3/5/2022 0:00,,920,1,0,,KG,1,1,,,0,N,0,N,0,1,,,,100,,R01-0-Z0,,N,0,tiptop,3/5/2022 0:00,abmi600,R01JAT-801,,N,0,,,,,,,,,,,,,,,,0,1,,,SAND,
35MN14C06XXX,30,0000-100089,3/5/2022 0:00,,0,1,0,,KG,1,1,,,1,N,0,N,0,1,,,,100,,R01-0-01,,N,0,tiptop,3/5/2022 0:00,abmi600,R01JAT-801,,N,0,,,,,,,,,,,,,,,,0,1,,,MSAND,
35MN14C06XXX,35,0000-100090,3/5/2022 0:00,,756,1,0,,KG,1,1,,,1,N,0,N,0,1,,,,100,,R01-0-01,,N,0,tiptop,3/5/2022 0:00,abmi600,R01JAT-801,,N,0,,,,,,,,,,,,,,,,0,1,,,AGG1,
35MN14C06XXX,40,0000-100091,3/5/2022 0:00,,0,1,0,,KG,1,1,,,0,N,0,N,0,1,,,,100,,R01-0-01,,N,0,tiptop,3/5/2022 0:00,abmi600,R01JAT-801,,N,0,,,,,,,,,,,,,,,,0,1,,,AGG2,
35MN14C06XXX,45,0000-100092,3/5/2022 0:00,,0,1,0,,KG,1,1,,,0,N,0,N,0,1,,,,100,,R01-0-01,,N,0,tiptop,3/5/2022 0:00,abmi600,R01JAT-801,,N,0,,,,,,,,,,,,,,,,0,1,,,AGG3,
35MN14C06XXX,50,0002-100015,3/5/2022 0:00,,0.97,1,0,,KG,1,1,,,1,N,0,N,0,1,,,,100,,R01-0-01,,N,0,tiptop,3/5/2022 0:00,abmi600,R01JAT-801,,N,0,,,,,,,,,,,,,,,,0,1,,,PLAST,
35MN14C06XXX,55,0002-100017,3/5/2022 0:00,,2.13,1,0,,KG,1,1,,,0,N,0,N,0,1,,,,100,,R01-0-01,,N,0,tiptop,3/5/2022 0:00,abmi600,R01JAT-801,,N,0,,,,,,,,,,,,,,,,0,1,,,SK 183,
35MN14C06XXX,60,0002-100402,3/5/2022 0:00,,0.00,1,0,,KG,1,1,,,0,N,0,N,0,1,,,,100,,R01-0-01,,N,0,tiptop,3/5/2022 0:00,abmi600,R01JAT-801,,N,0,,,,,,,,,,,,,,,,0,1,,,VIS 1003,
08MN16C06XXX,10,0000-100030,3/5/2022 0:00,,187,1,0,,KG,1,1,,,0,N,0,N,0,1,,,,100,,R01-0-02,,N,0,tiptop,3/5/2022 0:00,abmi600,R01JAT-801,,N,0,,,,,,,,,,,,,,,,0,1,,,WATER,1653
08MN16C06XXX,15,0000-100011,3/5/2022 0:00,,151,1,0,,KG,1,1,,,0,N,0,N,0,1,,,,100,,R01-0-01,,N,0,tiptop,3/5/2022 0:00,abmi600,R01JAT-801,,N,0,,,,,,,,,,,,,,,,0,1,,,SEMEN,
08MN16C06XXX,20,0000-000015,3/5/2022 0:00,,50,1,0,,KG,1,1,,,1,N,0,N,0,1,,,,100,,R01-0-01,,N,0,tiptop,3/5/2022 0:00,abmi600,R01JAT-801,,N,0,,,,,,,,,,,,,,,,0,1,,,FA,
08MN16C06XXX,25,0000-100094,3/5/2022 0:00,,1106,1,0,,KG,1,1,,,0,N,0,N,0,1,,,,100,,R01-0-Z0,,N,0,tiptop,3/5/2022 0:00,abmi600,R01JAT-801,,N,0,,,,,,,,,,,,,,,,0,1,,,SAND,
08MN16C06XXX,30,0000-100089,3/5/2022 0:00,,0,1,0,,KG,1,1,,,1,N,0,N,0,1,,,,100,,R01-0-01,,N,0,tiptop,3/5/2022 0:00,abmi600,R01JAT-801,,N,0,,,,,,,,,,,,,,,,0,1,,,MSAND,
08MN16C06XXX,35,0000-100090,3/5/2022 0:00,,756,1,0,,KG,1,1,,,1,N,0,N,0,1,,,,100,,R01-0-01,,N,0,tiptop,3/5/2022 0:00,abmi600,R01JAT-801,,N,0,,,,,,,,,,,,,,,,0,1,,,AGG1,
08MN16C06XXX,40,0000-100091,3/5/2022 0:00,,0,1,0,,KG,1,1,,,0,N,0,N,0,1,,,,100,,R01-0-01,,N,0,tiptop,3/5/2022 0:00,abmi600,R01JAT-801,,N,0,,,,,,,,,,,,,,,,0,1,,,AGG2,
08MN16C06XXX,45,0000-100092,3/5/2022 0:00,,0,1,0,,KG,1,1,,,0,N,0,N,0,1,,,,100,,R01-0-01,,N,0,tiptop,3/5/2022 0:00,abmi600,R01JAT-801,,N,0,,,,,,,,,,,,,,,,0,1,,,AGG3,
08MN16C06XXX,50,0002-100015,3/5/2022 0:00,,0.44,1,0,,KG,1,1,,,1,N,0,N,0,1,,,,100,,R01-0-01,,N,0,tiptop,3/5/2022 0:00,abmi600,R01JAT-801,,N,0,,,,,,,,,,,,,,,,0,1,,,PLAST,
08MN16C06XXX,55,0002-100017,3/5/2022 0:00,,0.00,1,0,,KG,1,1,,,0,N,0,N,0,1,,,,100,,R01-0-01,,N,0,tiptop,3/5/2022 0:00,abmi600,R01JAT-801,,N,0,,,,,,,,,,,,,,,,0,1,,,SK 183,
08MN16C06XXX,60,0002-100402,3/5/2022 0:00,,0.00,1,0,,KG,1,1,,,0,N,0,N,0,1,,,,100,,R01-0-01,,N,0,tiptop,3/5/2022 0:00,abmi600,R01JAT-801,,N,0,,,,,,,,,,,,,,,,0,1,,,VIS 1003,
10MN16C06XXX,10,0000-100030,3/5/2022 0:00,,187,1,0,,KG,1,1,,,0,N,0,N,0,1,,,,100,,R01-0-02,,N,0,tiptop,3/5/2022 0:00,abmi600,R01JAT-801,,N,0,,,,,,,,,,,,,,,,0,1,,,WATER,1654
10MN16C06XXX,15,0000-100011,3/5/2022 0:00,,166,1,0,,KG,1,1,,,0,N,0,N,0,1,,,,100,,R01-0-01,,N,0,tiptop,3/5/2022 0:00,abmi600,R01JAT-801,,N,0,,,,,,,,,,,,,,,,0,1,,,SEMEN,
10MN16C06XXX,20,0000-000015,3/5/2022 0:00,,55,1,0,,KG,1,1,,,1,N,0,N,0,1,,,,100,,R01-0-01,,N,0,tiptop,3/5/2022 0:00,abmi600,R01JAT-801,,N,0,,,,,,,,,,,,,,,,0,1,,,FA,
10MN16C06XXX,25,0000-100094,3/5/2022 0:00,,1088,1,0,,KG,1,1,,,0,N,0,N,0,1,,,,100,,R01-0-Z0,,N,0,tiptop,3/5/2022 0:00,abmi600,R01JAT-801,,N,0,,,,,,,,,,,,,,,,0,1,,,SAND,
10MN16C06XXX,30,0000-100089,3/5/2022 0:00,,0,1,0,,KG,1,1,,,1,N,0,N,0,1,,,,100,,R01-0-01,,N,0,tiptop,3/5/2022 0:00,abmi600,R01JAT-801,,N,0,,,,,,,,,,,,,,,,0,1,,,MSAND,
10MN16C06XXX,35,0000-100090,3/5/2022 0:00,,756,1,0,,KG,1,1,,,1,N,0,N,0,1,,,,100,,R01-0-01,,N,0,tiptop,3/5/2022 0:00,abmi600,R01JAT-801,,N,0,,,,,,,,,,,,,,,,0,1,,,AGG1,
10MN16C06XXX,40,0000-100091,3/5/2022 0:00,,0,1,0,,KG,1,1,,,0,N,0,N,0,1,,,,100,,R01-0-01,,N,0,tiptop,3/5/2022 0:00,abmi600,R01JAT-801,,N,0,,,,,,,,,,,,,,,,0,1,,,AGG2,
10MN16C06XXX,45,0000-100092,3/5/2022 0:00,,0,1,0,,KG,1,1,,,0,N,0,N,0,1,,,,100,,R01-0-01,,N,0,tiptop,3/5/2022 0:00,abmi600,R01JAT-801,,N,0,,,,,,,,,,,,,,,,0,1,,,AGG3,
10MN16C06XXX,50,0002-100015,3/5/2022 0:00,,0.49,1,0,,KG,1,1,,,1,N,0,N,0,1,,,,100,,R01-0-01,,N,0,tiptop,3/5/2022 0:00,abmi600,R01JAT-801,,N,0,,,,,,,,,,,,,,,,0,1,,,PLAST,
10MN16C06XXX,55,0002-100017,3/5/2022 0:00,,0.00,1,0,,KG,1,1,,,0,N,0,N,0,1,,,,100,,R01-0-01,,N,0,tiptop,3/5/2022 0:00,abmi600,R01JAT-801,,N,0,,,,,,,,,,,,,,,,0,1,,,SK 183,
10MN16C06XXX,60,0002-100402,3/5/2022 0:00,,0.00,1,0,,KG,1,1,,,0,N,0,N,0,1,,,,100,,R01-0-01,,N,0,tiptop,3/5/2022 0:00,abmi600,R01JAT-801,,N,0,,,,,,,,,,,,,,,,0,1,,,VIS 1003,
12MN16C06XXX,10,0000-100030,3/5/2022 0:00,,187,1,0,,KG,1,1,,,0,N,0,N,0,1,,,,100,,R01-0-02,,N,0,tiptop,3/5/2022 0:00,abmi600,R01JAT-801,,N,0,,,,,,,,,,,,,,,,0,1,,,WATER,1655
12MN16C06XXX,15,0000-100011,3/5/2022 0:00,,180,1,0,,KG,1,1,,,0,N,0,N,0,1,,,,100,,R01-0-01,,N,0,tiptop,3/5/2022 0:00,abmi600,R01JAT-801,,N,0,,,,,,,,,,,,,,,,0,1,,,SEMEN,
12MN16C06XXX,20,0000-000015,3/5/2022 0:00,,60,1,0,,KG,1,1,,,1,N,0,N,0,1,,,,100,,R01-0-01,,N,0,tiptop,3/5/2022 0:00,abmi600,R01JAT-801,,N,0,,,,,,,,,,,,,,,,0,1,,,FA,
12MN16C06XXX,25,0000-100094,3/5/2022 0:00,,1071,1,0,,KG,1,1,,,0,N,0,N,0,1,,,,100,,R01-0-Z0,,N,0,tiptop,3/5/2022 0:00,abmi600,R01JAT-801,,N,0,,,,,,,,,,,,,,,,0,1,,,SAND,
12MN16C06XXX,30,0000-100089,3/5/2022 0:00,,0,1,0,,KG,1,1,,,1,N,0,N,0,1,,,,100,,R01-0-01,,N,0,tiptop,3/5/2022 0:00,abmi600,R01JAT-801,,N,0,,,,,,,,,,,,,,,,0,1,,,MSAND,
12MN16C06XXX,35,0000-100090,3/5/2022 0:00,,756,1,0,,KG,1,1,,,1,N,0,N,0,1,,,,100,,R01-0-01,,N,0,tiptop,3/5/2022 0:00,abmi600,R01JAT-801,,N,0,,,,,,,,,,,,,,,,0,1,,,AGG1,
12MN16C06XXX,40,0000-100091,3/5/2022 0:00,,0,1,0,,KG,1,1,,,0,N,0,N,0,1,,,,100,,R01-0-01,,N,0,tiptop,3/5/2022 0:00,abmi600,R01JAT-801,,N,0,,,,,,,,,,,,,,,,0,1,,,AGG2,
12MN16C06XXX,45,0000-100092,3/5/2022 0:00,,0,1,0,,KG,1,1,,,0,N,0,N,0,1,,,,100,,R01-0-01,,N,0,tiptop,3/5/2022 0:00,abmi600,R01JAT-801,,N,0,,,,,,,,,,,,,,,,0,1,,,AGG3,
12MN16C06XXX,50,0002-100015,3/5/2022 0:00,,0.53,1,0,,KG,1,1,,,1,N,0,N,0,1,,,,100,,R01-0-01,,N,0,tiptop,3/5/2022 0:00,abmi600,R01JAT-801,,N,0,,,,,,,,,,,,,,,,0,1,,,PLAST,
12MN16C06XXX,55,0002-100017,3/5/2022 0:00,,0.00,1,0,,KG,1,1,,,0,N,0,N,0,1,,,,100,,R01-0-01,,N,0,tiptop,3/5/2022 0:00,abmi600,R01JAT-801,,N,0,,,,,,,,,,,,,,,,0,1,,,SK 183,
12MN16C06XXX,60,0002-100402,3/5/2022 0:00,,0.00,1,0,,KG,1,1,,,0,N,0,N,0,1,,,,100,,R01-0-01,,N,0,tiptop,3/5/2022 0:00,abmi600,R01JAT-801,,N,0,,,,,,,,,,,,,,,,0,1,,,VIS 1003,
14MN16C06XXX,10,0000-100030,3/5/2022 0:00,,187,1,0,,KG,1,1,,,0,N,0,N,0,1,,,,100,,R01-0-02,,N,0,tiptop,3/5/2022 0:00,abmi600,R01JAT-801,,N,0,,,,,,,,,,,,,,,,0,1,,,WATER,1656
14MN16C06XXX,15,0000-100011,3/5/2022 0:00,,194,1,0,,KG,1,1,,,0,N,0,N,0,1,,,,100,,R01-0-01,,N,0,tiptop,3/5/2022 0:00,abmi600,R01JAT-801,,N,0,,,,,,,,,,,,,,,,0,1,,,SEMEN,
14MN16C06XXX,20,0000-000015,3/5/2022 0:00,,65,1,0,,KG,1,1,,,1,N,0,N,0,1,,,,100,,R01-0-01,,N,0,tiptop,3/5/2022 0:00,abmi600,R01JAT-801,,N,0,,,,,,,,,,,,,,,,0,1,,,FA,
14MN16C06XXX,25,0000-100094,3/5/2022 0:00,,1053,1,0,,KG,1,1,,,0,N,0,N,0,1,,,,100,,R01-0-Z0,,N,0,tiptop,3/5/2022 0:00,abmi600,R01JAT-801,,N,0,,,,,,,,,,,,,,,,0,1,,,SAND,
14MN16C06XXX,30,0000-100089,3/5/2022 0:00,,0,1,0,,KG,1,1,,,1,N,0,N,0,1,,,,100,,R01-0-01,,N,0,tiptop,3/5/2022 0:00,abmi600,R01JAT-801,,N,0,,,,,,,,,,,,,,,,0,1,,,MSAND,
14MN16C06XXX,35,0000-100090,3/5/2022 0:00,,756,1,0,,KG,1,1,,,1,N,0,N,0,1,,,,100,,R01-0-01,,N,0,tiptop,3/5/2022 0:00,abmi600,R01JAT-801,,N,0,,,,,,,,,,,,,,,,0,1,,,AGG1,
14MN16C06XXX,40,0000-100091,3/5/2022 0:00,,0,1,0,,KG,1,1,,,0,N,0,N,0,1,,,,100,,R01-0-01,,N,0,tiptop,3/5/2022 0:00,abmi600,R01JAT-801,,N,0,,,,,,,,,,,,,,,,0,1,,,AGG2,
14MN16C06XXX,45,0000-100092,3/5/2022 0:00,,0,1,0,,KG,1,1,,,0,N,0,N,0,1,,,,100,,R01-0-01,,N,0,tiptop,3/5/2022 0:00,abmi600,R01JAT-801,,N,0,,,,,,,,,,,,,,,,0,1,,,AGG3,
14MN16C06XXX,50,0002-100015,3/5/2022 0:00,,0.57,1,0,,KG,1,1,,,1,N,0,N,0,1,,,,100,,R01-0-01,,N,0,tiptop,3/5/2022 0:00,abmi600,R01JAT-801,,N,0,,,,,,,,,,,,,,,,0,1,,,PLAST,
14MN16C06XXX,55,0002-100017,3/5/2022 0:00,,0.00,1,0,,KG,1,1,,,0,N,0,N,0,1,,,,100,,R01-0-01,,N,0,tiptop,3/5/2022 0:00,abmi600,R01JAT-801,,N,0,,,,,,,,,,,,,,,,0,1,,,SK 183,
14MN16C06XXX,60,0002-100402,3/5/2022 0:00,,0.00,1,0,,KG,1,1,,,0,N,0,N,0,1,,,,100,,R01-0-01,,N,0,tiptop,3/5/2022 0:00,abmi600,R01JAT-801,,N,0,,,,,,,,,,,,,,,,0,1,,,VIS 1003,
16MN16C06XXX,10,0000-100030,3/5/2022 0:00,,187,1,0,,KG,1,1,,,0,N,0,N,0,1,,,,100,,R01-0-02,,N,0,tiptop,3/5/2022 0:00,abmi600,R01JAT-801,,N,0,,,,,,,,,,,,,,,,0,1,,,WATER,1657
16MN16C06XXX,15,0000-100011,3/5/2022 0:00,,208,1,0,,KG,1,1,,,0,N,0,N,0,1,,,,100,,R01-0-01,,N,0,tiptop,3/5/2022 0:00,abmi600,R01JAT-801,,N,0,,,,,,,,,,,,,,,,0,1,,,SEMEN,
16MN16C06XXX,20,0000-000015,3/5/2022 0:00,,69,1,0,,KG,1,1,,,1,N,0,N,0,1,,,,100,,R01-0-01,,N,0,tiptop,3/5/2022 0:00,abmi600,R01JAT-801,,N,0,,,,,,,,,,,,,,,,0,1,,,FA,
16MN16C06XXX,25,0000-100094,3/5/2022 0:00,,1036,1,0,,KG,1,1,,,0,N,0,N,0,1,,,,100,,R01-0-Z0,,N,0,tiptop,3/5/2022 0:00,abmi600,R01JAT-801,,N,0,,,,,,,,,,,,,,,,0,1,,,SAND,
16MN16C06XXX,30,0000-100089,3/5/2022 0:00,,0,1,0,,KG,1,1,,,1,N,0,N,0,1,,,,100,,R01-0-01,,N,0,tiptop,3/5/2022 0:00,abmi600,R01JAT-801,,N,0,,,,,,,,,,,,,,,,0,1,,,MSAND,
16MN16C06XXX,35,0000-100090,3/5/2022 0:00,,756,1,0,,KG,1,1,,,1,N,0,N,0,1,,,,100,,R01-0-01,,N,0,tiptop,3/5/2022 0:00,abmi600,R01JAT-801,,N,0,,,,,,,,,,,,,,,,0,1,,,AGG1,
16MN16C06XXX,40,0000-100091,3/5/2022 0:00,,0,1,0,,KG,1,1,,,0,N,0,N,0,1,,,,100,,R01-0-01,,N,0,tiptop,3/5/2022 0:00,abmi600,R01JAT-801,,N,0,,,,,,,,,,,,,,,,0,1,,,AGG2,
16MN16C06XXX,45,0000-100092,3/5/2022 0:00,,0,1,0,,KG,1,1,,,0,N,0,N,0,1,,,,100,,R01-0-01,,N,0,tiptop,3/5/2022 0:00,abmi600,R01JAT-801,,N,0,,,,,,,,,,,,,,,,0,1,,,AGG3,
16MN16C06XXX,50,0002-100015,3/5/2022 0:00,,0.61,1,0,,KG,1,1,,,1,N,0,N,0,1,,,,100,,R01-0-01,,N,0,tiptop,3/5/2022 0:00,abmi600,R01JAT-801,,N,0,,,,,,,,,,,,,,,,0,1,,,PLAST,
16MN16C06XXX,55,0002-100017,3/5/2022 0:00,,0.00,1,0,,KG,1,1,,,0,N,0,N,0,1,,,,100,,R01-0-01,,N,0,tiptop,3/5/2022 0:00,abmi600,R01JAT-801,,N,0,,,,,,,,,,,,,,,,0,1,,,SK 183,
16MN16C06XXX,60,0002-100402,3/5/2022 0:00,,0.00,1,0,,KG,1,1,,,0,N,0,N,0,1,,,,100,,R01-0-01,,N,0,tiptop,3/5/2022 0:00,abmi600,R01JAT-801,,N,0,,,,,,,,,,,,,,,,0,1,,,VIS 1003,
18MN16C06XXX,10,0000-100030,3/5/2022 0:00,,187,1,0,,KG,1,1,,,0,N,0,N,0,1,,,,100,,R01-0-02,,N,0,tiptop,3/5/2022 0:00,abmi600,R01JAT-801,,N,0,,,,,,,,,,,,,,,,0,1,,,WATER,1658
18MN16C06XXX,15,0000-100011,3/5/2022 0:00,,223,1,0,,KG,1,1,,,0,N,0,N,0,1,,,,100,,R01-0-01,,N,0,tiptop,3/5/2022 0:00,abmi600,R01JAT-801,,N,0,,,,,,,,,,,,,,,,0,1,,,SEMEN,
18MN16C06XXX,20,0000-000015,3/5/2022 0:00,,74,1,0,,KG,1,1,,,1,N,0,N,0,1,,,,100,,R01-0-01,,N,0,tiptop,3/5/2022 0:00,abmi600,R01JAT-801,,N,0,,,,,,,,,,,,,,,,0,1,,,FA,
18MN16C06XXX,25,0000-100094,3/5/2022 0:00,,1018,1,0,,KG,1,1,,,0,N,0,N,0,1,,,,100,,R01-0-Z0,,N,0,tiptop,3/5/2022 0:00,abmi600,R01JAT-801,,N,0,,,,,,,,,,,,,,,,0,1,,,SAND,
18MN16C06XXX,30,0000-100089,3/5/2022 0:00,,0,1,0,,KG,1,1,,,1,N,0,N,0,1,,,,100,,R01-0-01,,N,0,tiptop,3/5/2022 0:00,abmi600,R01JAT-801,,N,0,,,,,,,,,,,,,,,,0,1,,,MSAND,
18MN16C06XXX,35,0000-100090,3/5/2022 0:00,,756,1,0,,KG,1,1,,,1,N,0,N,0,1,,,,100,,R01-0-01,,N,0,tiptop,3/5/2022 0:00,abmi600,R01JAT-801,,N,0,,,,,,,,,,,,,,,,0,1,,,AGG1,
18MN16C06XXX,40,0000-100091,3/5/2022 0:00,,0,1,0,,KG,1,1,,,0,N,0,N,0,1,,,,100,,R01-0-01,,N,0,tiptop,3/5/2022 0:00,abmi600,R01JAT-801,,N,0,,,,,,,,,,,,,,,,0,1,,,AGG2,
18MN16C06XXX,45,0000-100092,3/5/2022 0:00,,0,1,0,,KG,1,1,,,0,N,0,N,0,1,,,,100,,R01-0-01,,N,0,tiptop,3/5/2022 0:00,abmi600,R01JAT-801,,N,0,,,,,,,,,,,,,,,,0,1,,,AGG3,
18MN16C06XXX,50,0002-100015,3/5/2022 0:00,,0.65,1,0,,KG,1,1,,,1,N,0,N,0,1,,,,100,,R01-0-01,,N,0,tiptop,3/5/2022 0:00,abmi600,R01JAT-801,,N,0,,,,,,,,,,,,,,,,0,1,,,PLAST,
18MN16C06XXX,55,0002-100017,3/5/2022 0:00,,0.00,1,0,,KG,1,1,,,0,N,0,N,0,1,,,,100,,R01-0-01,,N,0,tiptop,3/5/2022 0:00,abmi600,R01JAT-801,,N,0,,,,,,,,,,,,,,,,0,1,,,SK 183,
18MN16C06XXX,60,0002-100402,3/5/2022 0:00,,0.00,1,0,,KG,1,1,,,0,N,0,N,0,1,,,,100,,R01-0-01,,N,0,tiptop,3/5/2022 0:00,abmi600,R01JAT-801,,N,0,,,,,,,,,,,,,,,,0,1,,,VIS 1003,
20MN16C06XXX,10,0000-100030,3/5/2022 0:00,,187,1,0,,KG,1,1,,,0,N,0,N,0,1,,,,100,,R01-0-02,,N,0,tiptop,3/5/2022 0:00,abmi600,R01JAT-801,,N,0,,,,,,,,,,,,,,,,0,1,,,WATER,1659
20MN16C06XXX,15,0000-100011,3/5/2022 0:00,,237,1,0,,KG,1,1,,,0,N,0,N,0,1,,,,100,,R01-0-01,,N,0,tiptop,3/5/2022 0:00,abmi600,R01JAT-801,,N,0,,,,,,,,,,,,,,,,0,1,,,SEMEN,
20MN16C06XXX,20,0000-000015,3/5/2022 0:00,,79,1,0,,KG,1,1,,,1,N,0,N,0,1,,,,100,,R01-0-01,,N,0,tiptop,3/5/2022 0:00,abmi600,R01JAT-801,,N,0,,,,,,,,,,,,,,,,0,1,,,FA,
20MN16C06XXX,25,0000-100094,3/5/2022 0:00,,1000,1,0,,KG,1,1,,,0,N,0,N,0,1,,,,100,,R01-0-Z0,,N,0,tiptop,3/5/2022 0:00,abmi600,R01JAT-801,,N,0,,,,,,,,,,,,,,,,0,1,,,SAND,
20MN16C06XXX,30,0000-100089,3/5/2022 0:00,,0,1,0,,KG,1,1,,,1,N,0,N,0,1,,,,100,,R01-0-01,,N,0,tiptop,3/5/2022 0:00,abmi600,R01JAT-801,,N,0,,,,,,,,,,,,,,,,0,1,,,MSAND,
20MN16C06XXX,35,0000-100090,3/5/2022 0:00,,756,1,0,,KG,1,1,,,1,N,0,N,0,1,,,,100,,R01-0-01,,N,0,tiptop,3/5/2022 0:00,abmi600,R01JAT-801,,N,0,,,,,,,,,,,,,,,,0,1,,,AGG1,
20MN16C06XXX,40,0000-100091,3/5/2022 0:00,,0,1,0,,KG,1,1,,,0,N,0,N,0,1,,,,100,,R01-0-01,,N,0,tiptop,3/5/2022 0:00,abmi600,R01JAT-801,,N,0,,,,,,,,,,,,,,,,0,1,,,AGG2,
20MN16C06XXX,45,0000-100092,3/5/2022 0:00,,0,1,0,,KG,1,1,,,0,N,0,N,0,1,,,,100,,R01-0-01,,N,0,tiptop,3/5/2022 0:00,abmi600,R01JAT-801,,N,0,,,,,,,,,,,,,,,,0,1,,,AGG3,
20MN16C06XXX,50,0002-100015,3/5/2022 0:00,,0.70,1,0,,KG,1,1,,,1,N,0,N,0,1,,,,100,,R01-0-01,,N,0,tiptop,3/5/2022 0:00,abmi600,R01JAT-801,,N,0,,,,,,,,,,,,,,,,0,1,,,PLAST,
20MN16C06XXX,55,0002-100017,3/5/2022 0:00,,0.00,1,0,,KG,1,1,,,0,N,0,N,0,1,,,,100,,R01-0-01,,N,0,tiptop,3/5/2022 0:00,abmi600,R01JAT-801,,N,0,,,,,,,,,,,,,,,,0,1,,,SK 183,
20MN16C06XXX,60,0002-100402,3/5/2022 0:00,,0.00,1,0,,KG,1,1,,,0,N,0,N,0,1,,,,100,,R01-0-01,,N,0,tiptop,3/5/2022 0:00,abmi600,R01JAT-801,,N,0,,,,,,,,,,,,,,,,0,1,,,VIS 1003,
22MN16C06XXX,10,0000-100030,3/5/2022 0:00,,185,1,0,,KG,1,1,,,0,N,0,N,0,1,,,,100,,R01-0-02,,N,0,tiptop,3/5/2022 0:00,abmi600,R01JAT-801,,N,0,,,,,,,,,,,,,,,,0,1,,,WATER,1660
22MN16C06XXX,15,0000-100011,3/5/2022 0:00,,249,1,0,,KG,1,1,,,0,N,0,N,0,1,,,,100,,R01-0-01,,N,0,tiptop,3/5/2022 0:00,abmi600,R01JAT-801,,N,0,,,,,,,,,,,,,,,,0,1,,,SEMEN,
22MN16C06XXX,20,0000-000015,3/5/2022 0:00,,83,1,0,,KG,1,1,,,1,N,0,N,0,1,,,,100,,R01-0-01,,N,0,tiptop,3/5/2022 0:00,abmi600,R01JAT-801,,N,0,,,,,,,,,,,,,,,,0,1,,,FA,
22MN16C06XXX,25,0000-100094,3/5/2022 0:00,,989,1,0,,KG,1,1,,,0,N,0,N,0,1,,,,100,,R01-0-Z0,,N,0,tiptop,3/5/2022 0:00,abmi600,R01JAT-801,,N,0,,,,,,,,,,,,,,,,0,1,,,SAND,
22MN16C06XXX,30,0000-100089,3/5/2022 0:00,,0,1,0,,KG,1,1,,,1,N,0,N,0,1,,,,100,,R01-0-01,,N,0,tiptop,3/5/2022 0:00,abmi600,R01JAT-801,,N,0,,,,,,,,,,,,,,,,0,1,,,MSAND,
22MN16C06XXX,35,0000-100090,3/5/2022 0:00,,756,1,0,,KG,1,1,,,1,N,0,N,0,1,,,,100,,R01-0-01,,N,0,tiptop,3/5/2022 0:00,abmi600,R01JAT-801,,N,0,,,,,,,,,,,,,,,,0,1,,,AGG1,
22MN16C06XXX,40,0000-100091,3/5/2022 0:00,,0,1,0,,KG,1,1,,,0,N,0,N,0,1,,,,100,,R01-0-01,,N,0,tiptop,3/5/2022 0:00,abmi600,R01JAT-801,,N,0,,,,,,,,,,,,,,,,0,1,,,AGG2,
22MN16C06XXX,45,0000-100092,3/5/2022 0:00,,0,1,0,,KG,1,1,,,0,N,0,N,0,1,,,,100,,R01-0-01,,N,0,tiptop,3/5/2022 0:00,abmi600,R01JAT-801,,N,0,,,,,,,,,,,,,,,,0,1,,,AGG3,
22MN16C06XXX,50,0002-100015,3/5/2022 0:00,,0.73,1,0,,KG,1,1,,,1,N,0,N,0,1,,,,100,,R01-0-01,,N,0,tiptop,3/5/2022 0:00,abmi600,R01JAT-801,,N,0,,,,,,,,,,,,,,,,0,1,,,PLAST,
22MN16C06XXX,55,0002-100017,3/5/2022 0:00,,0.80,1,0,,KG,1,1,,,0,N,0,N,0,1,,,,100,,R01-0-01,,N,0,tiptop,3/5/2022 0:00,abmi600,R01JAT-801,,N,0,,,,,,,,,,,,,,,,0,1,,,SK 183,
22MN16C06XXX,60,0002-100402,3/5/2022 0:00,,0.00,1,0,,KG,1,1,,,0,N,0,N,0,1,,,,100,,R01-0-01,,N,0,tiptop,3/5/2022 0:00,abmi600,R01JAT-801,,N,0,,,,,,,,,,,,,,,,0,1,,,VIS 1003,
25MN16C06XXX,10,0000-100030,3/5/2022 0:00,,185,1,0,,KG,1,1,,,0,N,0,N,0,1,,,,100,,R01-0-02,,N,0,tiptop,3/5/2022 0:00,abmi600,R01JAT-801,,N,0,,,,,,,,,,,,,,,,0,1,,,WATER,1661
25MN16C06XXX,15,0000-100011,3/5/2022 0:00,,272,1,0,,KG,1,1,,,0,N,0,N,0,1,,,,100,,R01-0-01,,N,0,tiptop,3/5/2022 0:00,abmi600,R01JAT-801,,N,0,,,,,,,,,,,,,,,,0,1,,,SEMEN,
25MN16C06XXX,20,0000-000015,3/5/2022 0:00,,91,1,0,,KG,1,1,,,1,N,0,N,0,1,,,,100,,R01-0-01,,N,0,tiptop,3/5/2022 0:00,abmi600,R01JAT-801,,N,0,,,,,,,,,,,,,,,,0,1,,,FA,
25MN16C06XXX,25,0000-100094,3/5/2022 0:00,,960,1,0,,KG,1,1,,,0,N,0,N,0,1,,,,100,,R01-0-Z0,,N,0,tiptop,3/5/2022 0:00,abmi600,R01JAT-801,,N,0,,,,,,,,,,,,,,,,0,1,,,SAND,
25MN16C06XXX,30,0000-100089,3/5/2022 0:00,,0,1,0,,KG,1,1,,,1,N,0,N,0,1,,,,100,,R01-0-01,,N,0,tiptop,3/5/2022 0:00,abmi600,R01JAT-801,,N,0,,,,,,,,,,,,,,,,0,1,,,MSAND,
25MN16C06XXX,35,0000-100090,3/5/2022 0:00,,756,1,0,,KG,1,1,,,1,N,0,N,0,1,,,,100,,R01-0-01,,N,0,tiptop,3/5/2022 0:00,abmi600,R01JAT-801,,N,0,,,,,,,,,,,,,,,,0,1,,,AGG1,
25MN16C06XXX,40,0000-100091,3/5/2022 0:00,,0,1,0,,KG,1,1,,,0,N,0,N,0,1,,,,100,,R01-0-01,,N,0,tiptop,3/5/2022 0:00,abmi600,R01JAT-801,,N,0,,,,,,,,,,,,,,,,0,1,,,AGG2,
25MN16C06XXX,45,0000-100092,3/5/2022 0:00,,0,1,0,,KG,1,1,,,0,N,0,N,0,1,,,,100,,R01-0-01,,N,0,tiptop,3/5/2022 0:00,abmi600,R01JAT-801,,N,0,,,,,,,,,,,,,,,,0,1,,,AGG3,
25MN16C06XXX,50,0002-100015,3/5/2022 0:00,,0.80,1,0,,KG,1,1,,,1,N,0,N,0,1,,,,100,,R01-0-01,,N,0,tiptop,3/5/2022 0:00,abmi600,R01JAT-801,,N,0,,,,,,,,,,,,,,,,0,1,,,PLAST,
25MN16C06XXX,55,0002-100017,3/5/2022 0:00,,0.88,1,0,,KG,1,1,,,0,N,0,N,0,1,,,,100,,R01-0-01,,N,0,tiptop,3/5/2022 0:00,abmi600,R01JAT-801,,N,0,,,,,,,,,,,,,,,,0,1,,,SK 183,
25MN16C06XXX,60,0002-100402,3/5/2022 0:00,,0.00,1,0,,KG,1,1,,,0,N,0,N,0,1,,,,100,,R01-0-01,,N,0,tiptop,3/5/2022 0:00,abmi600,R01JAT-801,,N,0,,,,,,,,,,,,,,,,0,1,,,VIS 1003,
27MN16C06XXX,10,0000-100030,3/5/2022 0:00,,185,1,0,,KG,1,1,,,0,N,0,N,0,1,,,,100,,R01-0-02,,N,0,tiptop,3/5/2022 0:00,abmi600,R01JAT-801,,N,0,,,,,,,,,,,,,,,,0,1,,,WATER,1662
27MN16C06XXX,15,0000-100011,3/5/2022 0:00,,288,1,0,,KG,1,1,,,0,N,0,N,0,1,,,,100,,R01-0-01,,N,0,tiptop,3/5/2022 0:00,abmi600,R01JAT-801,,N,0,,,,,,,,,,,,,,,,0,1,,,SEMEN,
27MN16C06XXX,20,0000-000015,3/5/2022 0:00,,96,1,0,,KG,1,1,,,1,N,0,N,0,1,,,,100,,R01-0-01,,N,0,tiptop,3/5/2022 0:00,abmi600,R01JAT-801,,N,0,,,,,,,,,,,,,,,,0,1,,,FA,
27MN16C06XXX,25,0000-100094,3/5/2022 0:00,,940,1,0,,KG,1,1,,,0,N,0,N,0,1,,,,100,,R01-0-Z0,,N,0,tiptop,3/5/2022 0:00,abmi600,R01JAT-801,,N,0,,,,,,,,,,,,,,,,0,1,,,SAND,
27MN16C06XXX,30,0000-100089,3/5/2022 0:00,,0,1,0,,KG,1,1,,,1,N,0,N,0,1,,,,100,,R01-0-01,,N,0,tiptop,3/5/2022 0:00,abmi600,R01JAT-801,,N,0,,,,,,,,,,,,,,,,0,1,,,MSAND,
27MN16C06XXX,35,0000-100090,3/5/2022 0:00,,756,1,0,,KG,1,1,,,1,N,0,N,0,1,,,,100,,R01-0-01,,N,0,tiptop,3/5/2022 0:00,abmi600,R01JAT-801,,N,0,,,,,,,,,,,,,,,,0,1,,,AGG1,
27MN16C06XXX,40,0000-100091,3/5/2022 0:00,,0,1,0,,KG,1,1,,,0,N,0,N,0,1,,,,100,,R01-0-01,,N,0,tiptop,3/5/2022 0:00,abmi600,R01JAT-801,,N,0,,,,,,,,,,,,,,,,0,1,,,AGG2,
27MN16C06XXX,45,0000-100092,3/5/2022 0:00,,0,1,0,,KG,1,1,,,0,N,0,N,0,1,,,,100,,R01-0-01,,N,0,tiptop,3/5/2022 0:00,abmi600,R01JAT-801,,N,0,,,,,,,,,,,,,,,,0,1,,,AGG3,
27MN16C06XXX,50,0002-100015,3/5/2022 0:00,,0.85,1,0,,KG,1,1,,,1,N,0,N,0,1,,,,100,,R01-0-01,,N,0,tiptop,3/5/2022 0:00,abmi600,R01JAT-801,,N,0,,,,,,,,,,,,,,,,0,1,,,PLAST,
27MN16C06XXX,55,0002-100017,3/5/2022 0:00,,0.93,1,0,,KG,1,1,,,0,N,0,N,0,1,,,,100,,R01-0-01,,N,0,tiptop,3/5/2022 0:00,abmi600,R01JAT-801,,N,0,,,,,,,,,,,,,,,,0,1,,,SK 183,
27MN16C06XXX,60,0002-100402,3/5/2022 0:00,,0.00,1,0,,KG,1,1,,,0,N,0,N,0,1,,,,100,,R01-0-01,,N,0,tiptop,3/5/2022 0:00,abmi600,R01JAT-801,,N,0,,,,,,,,,,,,,,,,0,1,,,VIS 1003,
30MN16C06XXX,10,0000-100030,3/5/2022 0:00,,185,1,0,,KG,1,1,,,0,N,0,N,0,1,,,,100,,R01-0-02,,N,0,tiptop,3/5/2022 0:00,abmi600,R01JAT-801,,N,0,,,,,,,,,,,,,,,,0,1,,,WATER,1663
30MN16C06XXX,15,0000-100011,3/5/2022 0:00,,314,1,0,,KG,1,1,,,0,N,0,N,0,1,,,,100,,R01-0-01,,N,0,tiptop,3/5/2022 0:00,abmi600,R01JAT-801,,N,0,,,,,,,,,,,,,,,,0,1,,,SEMEN,
30MN16C06XXX,20,0000-000015,3/5/2022 0:00,,105,1,0,,KG,1,1,,,1,N,0,N,0,1,,,,100,,R01-0-01,,N,0,tiptop,3/5/2022 0:00,abmi600,R01JAT-801,,N,0,,,,,,,,,,,,,,,,0,1,,,FA,
30MN16C06XXX,25,0000-100094,3/5/2022 0:00,,909,1,0,,KG,1,1,,,0,N,0,N,0,1,,,,100,,R01-0-Z0,,N,0,tiptop,3/5/2022 0:00,abmi600,R01JAT-801,,N,0,,,,,,,,,,,,,,,,0,1,,,SAND,
30MN16C06XXX,30,0000-100089,3/5/2022 0:00,,0,1,0,,KG,1,1,,,1,N,0,N,0,1,,,,100,,R01-0-01,,N,0,tiptop,3/5/2022 0:00,abmi600,R01JAT-801,,N,0,,,,,,,,,,,,,,,,0,1,,,MSAND,
30MN16C06XXX,35,0000-100090,3/5/2022 0:00,,756,1,0,,KG,1,1,,,1,N,0,N,0,1,,,,100,,R01-0-01,,N,0,tiptop,3/5/2022 0:00,abmi600,R01JAT-801,,N,0,,,,,,,,,,,,,,,,0,1,,,AGG1,
30MN16C06XXX,40,0000-100091,3/5/2022 0:00,,0,1,0,,KG,1,1,,,0,N,0,N,0,1,,,,100,,R01-0-01,,N,0,tiptop,3/5/2022 0:00,abmi600,R01JAT-801,,N,0,,,,,,,,,,,,,,,,0,1,,,AGG2,
30MN16C06XXX,45,0000-100092,3/5/2022 0:00,,0,1,0,,KG,1,1,,,0,N,0,N,0,1,,,,100,,R01-0-01,,N,0,tiptop,3/5/2022 0:00,abmi600,R01JAT-801,,N,0,,,,,,,,,,,,,,,,0,1,,,AGG3,
30MN16C06XXX,50,0002-100015,3/5/2022 0:00,,0.92,1,0,,KG,1,1,,,1,N,0,N,0,1,,,,100,,R01-0-01,,N,0,tiptop,3/5/2022 0:00,abmi600,R01JAT-801,,N,0,,,,,,,,,,,,,,,,0,1,,,PLAST,
30MN16C06XXX,55,0002-100017,3/5/2022 0:00,,1.01,1,0,,KG,1,1,,,0,N,0,N,0,1,,,,100,,R01-0-01,,N,0,tiptop,3/5/2022 0:00,abmi600,R01JAT-801,,N,0,,,,,,,,,,,,,,,,0,1,,,SK 183,
30MN16C06XXX,60,0002-100402,3/5/2022 0:00,,0.00,1,0,,KG,1,1,,,0,N,0,N,0,1,,,,100,,R01-0-01,,N,0,tiptop,3/5/2022 0:00,abmi600,R01JAT-801,,N,0,,,,,,,,,,,,,,,,0,1,,,VIS 1003,
32MN16C06XXX,10,0000-100030,3/5/2022 0:00,,185,1,0,,KG,1,1,,,0,N,0,N,0,1,,,,100,,R01-0-02,,N,0,tiptop,3/5/2022 0:00,abmi600,R01JAT-801,,N,0,,,,,,,,,,,,,,,,0,1,,,WATER,1664
32MN16C06XXX,15,0000-100011,3/5/2022 0:00,,331,1,0,,KG,1,1,,,0,N,0,N,0,1,,,,100,,R01-0-01,,N,0,tiptop,3/5/2022 0:00,abmi600,R01JAT-801,,N,0,,,,,,,,,,,,,,,,0,1,,,SEMEN,
32MN16C06XXX,20,0000-000015,3/5/2022 0:00,,110,1,0,,KG,1,1,,,1,N,0,N,0,1,,,,100,,R01-0-01,,N,0,tiptop,3/5/2022 0:00,abmi600,R01JAT-801,,N,0,,,,,,,,,,,,,,,,0,1,,,FA,
32MN16C06XXX,25,0000-100094,3/5/2022 0:00,,887,1,0,,KG,1,1,,,0,N,0,N,0,1,,,,100,,R01-0-Z0,,N,0,tiptop,3/5/2022 0:00,abmi600,R01JAT-801,,N,0,,,,,,,,,,,,,,,,0,1,,,SAND,
32MN16C06XXX,30,0000-100089,3/5/2022 0:00,,0,1,0,,KG,1,1,,,1,N,0,N,0,1,,,,100,,R01-0-01,,N,0,tiptop,3/5/2022 0:00,abmi600,R01JAT-801,,N,0,,,,,,,,,,,,,,,,0,1,,,MSAND,
32MN16C06XXX,35,0000-100090,3/5/2022 0:00,,756,1,0,,KG,1,1,,,1,N,0,N,0,1,,,,100,,R01-0-01,,N,0,tiptop,3/5/2022 0:00,abmi600,R01JAT-801,,N,0,,,,,,,,,,,,,,,,0,1,,,AGG1,
32MN16C06XXX,40,0000-100091,3/5/2022 0:00,,0,1,0,,KG,1,1,,,0,N,0,N,0,1,,,,100,,R01-0-01,,N,0,tiptop,3/5/2022 0:00,abmi600,R01JAT-801,,N,0,,,,,,,,,,,,,,,,0,1,,,AGG2,
32MN16C06XXX,45,0000-100092,3/5/2022 0:00,,0,1,0,,KG,1,1,,,0,N,0,N,0,1,,,,100,,R01-0-01,,N,0,tiptop,3/5/2022 0:00,abmi600,R01JAT-801,,N,0,,,,,,,,,,,,,,,,0,1,,,AGG3,
32MN16C06XXX,50,0002-100015,3/5/2022 0:00,,0.97,1,0,,KG,1,1,,,1,N,0,N,0,1,,,,100,,R01-0-01,,N,0,tiptop,3/5/2022 0:00,abmi600,R01JAT-801,,N,0,,,,,,,,,,,,,,,,0,1,,,PLAST,
32MN16C06XXX,55,0002-100017,3/5/2022 0:00,,1.06,1,0,,KG,1,1,,,0,N,0,N,0,1,,,,100,,R01-0-01,,N,0,tiptop,3/5/2022 0:00,abmi600,R01JAT-801,,N,0,,,,,,,,,,,,,,,,0,1,,,SK 183,
32MN16C06XXX,60,0002-100402,3/5/2022 0:00,,0.00,1,0,,KG,1,1,,,0,N,0,N,0,1,,,,100,,R01-0-01,,N,0,tiptop,3/5/2022 0:00,abmi600,R01JAT-801,,N,0,,,,,,,,,,,,,,,,0,1,,,VIS 1003,
33MN16C06XXX,10,0000-100030,3/5/2022 0:00,,185,1,0,,KG,1,1,,,0,N,0,N,0,1,,,,100,,R01-0-02,,N,0,tiptop,3/5/2022 0:00,abmi600,R01JAT-801,,N,0,,,,,,,,,,,,,,,,0,1,,,WATER,1665
33MN16C06XXX,15,0000-100011,3/5/2022 0:00,,340,1,0,,KG,1,1,,,0,N,0,N,0,1,,,,100,,R01-0-01,,N,0,tiptop,3/5/2022 0:00,abmi600,R01JAT-801,,N,0,,,,,,,,,,,,,,,,0,1,,,SEMEN,
33MN16C06XXX,20,0000-000015,3/5/2022 0:00,,113,1,0,,KG,1,1,,,1,N,0,N,0,1,,,,100,,R01-0-01,,N,0,tiptop,3/5/2022 0:00,abmi600,R01JAT-801,,N,0,,,,,,,,,,,,,,,,0,1,,,FA,
33MN16C06XXX,25,0000-100094,3/5/2022 0:00,,875,1,0,,KG,1,1,,,0,N,0,N,0,1,,,,100,,R01-0-Z0,,N,0,tiptop,3/5/2022 0:00,abmi600,R01JAT-801,,N,0,,,,,,,,,,,,,,,,0,1,,,SAND,
33MN16C06XXX,30,0000-100089,3/5/2022 0:00,,0,1,0,,KG,1,1,,,1,N,0,N,0,1,,,,100,,R01-0-01,,N,0,tiptop,3/5/2022 0:00,abmi600,R01JAT-801,,N,0,,,,,,,,,,,,,,,,0,1,,,MSAND,
33MN16C06XXX,35,0000-100090,3/5/2022 0:00,,756,1,0,,KG,1,1,,,1,N,0,N,0,1,,,,100,,R01-0-01,,N,0,tiptop,3/5/2022 0:00,abmi600,R01JAT-801,,N,0,,,,,,,,,,,,,,,,0,1,,,AGG1,
33MN16C06XXX,40,0000-100091,3/5/2022 0:00,,0,1,0,,KG,1,1,,,0,N,0,N,0,1,,,,100,,R01-0-01,,N,0,tiptop,3/5/2022 0:00,abmi600,R01JAT-801,,N,0,,,,,,,,,,,,,,,,0,1,,,AGG2,
33MN16C06XXX,45,0000-100092,3/5/2022 0:00,,0,1,0,,KG,1,1,,,0,N,0,N,0,1,,,,100,,R01-0-01,,N,0,tiptop,3/5/2022 0:00,abmi600,R01JAT-801,,N,0,,,,,,,,,,,,,,,,0,1,,,AGG3,
33MN16C06XXX,50,0002-100015,3/5/2022 0:00,,1.00,1,0,,KG,1,1,,,1,N,0,N,0,1,,,,100,,R01-0-01,,N,0,tiptop,3/5/2022 0:00,abmi600,R01JAT-801,,N,0,,,,,,,,,,,,,,,,0,1,,,PLAST,
33MN16C06XXX,55,0002-100017,3/5/2022 0:00,,1.09,1,0,,KG,1,1,,,0,N,0,N,0,1,,,,100,,R01-0-01,,N,0,tiptop,3/5/2022 0:00,abmi600,R01JAT-801,,N,0,,,,,,,,,,,,,,,,0,1,,,SK 183,
33MN16C06XXX,60,0002-100402,3/5/2022 0:00,,0.00,1,0,,KG,1,1,,,0,N,0,N,0,1,,,,100,,R01-0-01,,N,0,tiptop,3/5/2022 0:00,abmi600,R01JAT-801,,N,0,,,,,,,,,,,,,,,,0,1,,,VIS 1003,
35MN16C06XXX,10,0000-100030,3/5/2022 0:00,,173,1,0,,KG,1,1,,,0,N,0,N,0,1,,,,100,,R01-0-02,,N,0,tiptop,3/5/2022 0:00,abmi600,R01JAT-801,,N,0,,,,,,,,,,,,,,,,0,1,,,WATER,1666
35MN16C06XXX,15,0000-100011,3/5/2022 0:00,,336,1,0,,KG,1,1,,,0,N,0,N,0,1,,,,100,,R01-0-01,,N,0,tiptop,3/5/2022 0:00,abmi600,R01JAT-801,,N,0,,,,,,,,,,,,,,,,0,1,,,SEMEN,
35MN16C06XXX,20,0000-000015,3/5/2022 0:00,,112,1,0,,KG,1,1,,,1,N,0,N,0,1,,,,100,,R01-0-01,,N,0,tiptop,3/5/2022 0:00,abmi600,R01JAT-801,,N,0,,,,,,,,,,,,,,,,0,1,,,FA,
35MN16C06XXX,25,0000-100094,3/5/2022 0:00,,910,1,0,,KG,1,1,,,0,N,0,N,0,1,,,,100,,R01-0-Z0,,N,0,tiptop,3/5/2022 0:00,abmi600,R01JAT-801,,N,0,,,,,,,,,,,,,,,,0,1,,,SAND,
35MN16C06XXX,30,0000-100089,3/5/2022 0:00,,0,1,0,,KG,1,1,,,1,N,0,N,0,1,,,,100,,R01-0-01,,N,0,tiptop,3/5/2022 0:00,abmi600,R01JAT-801,,N,0,,,,,,,,,,,,,,,,0,1,,,MSAND,
35MN16C06XXX,35,0000-100090,3/5/2022 0:00,,756,1,0,,KG,1,1,,,1,N,0,N,0,1,,,,100,,R01-0-01,,N,0,tiptop,3/5/2022 0:00,abmi600,R01JAT-801,,N,0,,,,,,,,,,,,,,,,0,1,,,AGG1,
35MN16C06XXX,40,0000-100091,3/5/2022 0:00,,0,1,0,,KG,1,1,,,0,N,0,N,0,1,,,,100,,R01-0-01,,N,0,tiptop,3/5/2022 0:00,abmi600,R01JAT-801,,N,0,,,,,,,,,,,,,,,,0,1,,,AGG2,
35MN16C06XXX,45,0000-100092,3/5/2022 0:00,,0,1,0,,KG,1,1,,,0,N,0,N,0,1,,,,100,,R01-0-01,,N,0,tiptop,3/5/2022 0:00,abmi600,R01JAT-801,,N,0,,,,,,,,,,,,,,,,0,1,,,AGG3,
35MN16C06XXX,50,0002-100015,3/5/2022 0:00,,0.99,1,0,,KG,1,1,,,1,N,0,N,0,1,,,,100,,R01-0-01,,N,0,tiptop,3/5/2022 0:00,abmi600,R01JAT-801,,N,0,,,,,,,,,,,,,,,,0,1,,,PLAST,
35MN16C06XXX,55,0002-100017,3/5/2022 0:00,,2.16,1,0,,KG,1,1,,,0,N,0,N,0,1,,,,100,,R01-0-01,,N,0,tiptop,3/5/2022 0:00,abmi600,R01JAT-801,,N,0,,,,,,,,,,,,,,,,0,1,,,SK 183,
35MN16C06XXX,60,0002-100402,3/5/2022 0:00,,0.00,1,0,,KG,1,1,,,0,N,0,N,0,1,,,,100,,R01-0-01,,N,0,tiptop,3/5/2022 0:00,abmi600,R01JAT-801,,N,0,,,,,,,,,,,,,,,,0,1,,,VIS 1003,
08MN18C06XXX,10,0000-100030,3/5/2022 0:00,,189,1,0,,KG,1,1,,,0,N,0,N,0,1,,,,100,,R01-0-02,,N,0,tiptop,3/5/2022 0:00,abmi600,R01JAT-801,,N,0,,,,,,,,,,,,,,,,0,1,,,WATER,1667
08MN18C06XXX,15,0000-100011,3/5/2022 0:00,,153,1,0,,KG,1,1,,,0,N,0,N,0,1,,,,100,,R01-0-01,,N,0,tiptop,3/5/2022 0:00,abmi600,R01JAT-801,,N,0,,,,,,,,,,,,,,,,0,1,,,SEMEN,
08MN18C06XXX,20,0000-000015,3/5/2022 0:00,,51,1,0,,KG,1,1,,,1,N,0,N,0,1,,,,100,,R01-0-01,,N,0,tiptop,3/5/2022 0:00,abmi600,R01JAT-801,,N,0,,,,,,,,,,,,,,,,0,1,,,FA,
08MN18C06XXX,25,0000-100094,3/5/2022 0:00,,1100,1,0,,KG,1,1,,,0,N,0,N,0,1,,,,100,,R01-0-Z0,,N,0,tiptop,3/5/2022 0:00,abmi600,R01JAT-801,,N,0,,,,,,,,,,,,,,,,0,1,,,SAND,
08MN18C06XXX,30,0000-100089,3/5/2022 0:00,,0,1,0,,KG,1,1,,,1,N,0,N,0,1,,,,100,,R01-0-01,,N,0,tiptop,3/5/2022 0:00,abmi600,R01JAT-801,,N,0,,,,,,,,,,,,,,,,0,1,,,MSAND,
08MN18C06XXX,35,0000-100090,3/5/2022 0:00,,756,1,0,,KG,1,1,,,1,N,0,N,0,1,,,,100,,R01-0-01,,N,0,tiptop,3/5/2022 0:00,abmi600,R01JAT-801,,N,0,,,,,,,,,,,,,,,,0,1,,,AGG1,
08MN18C06XXX,40,0000-100091,3/5/2022 0:00,,0,1,0,,KG,1,1,,,0,N,0,N,0,1,,,,100,,R01-0-01,,N,0,tiptop,3/5/2022 0:00,abmi600,R01JAT-801,,N,0,,,,,,,,,,,,,,,,0,1,,,AGG2,
08MN18C06XXX,45,0000-100092,3/5/2022 0:00,,0,1,0,,KG,1,1,,,0,N,0,N,0,1,,,,100,,R01-0-01,,N,0,tiptop,3/5/2022 0:00,abmi600,R01JAT-801,,N,0,,,,,,,,,,,,,,,,0,1,,,AGG3,
08MN18C06XXX,50,0002-100015,3/5/2022 0:00,,0.45,1,0,,KG,1,1,,,1,N,0,N,0,1,,,,100,,R01-0-01,,N,0,tiptop,3/5/2022 0:00,abmi600,R01JAT-801,,N,0,,,,,,,,,,,,,,,,0,1,,,PLAST,
08MN18C06XXX,55,0002-100017,3/5/2022 0:00,,0.00,1,0,,KG,1,1,,,0,N,0,N,0,1,,,,100,,R01-0-01,,N,0,tiptop,3/5/2022 0:00,abmi600,R01JAT-801,,N,0,,,,,,,,,,,,,,,,0,1,,,SK 183,
08MN18C06XXX,60,0002-100402,3/5/2022 0:00,,0.00,1,0,,KG,1,1,,,0,N,0,N,0,1,,,,100,,R01-0-01,,N,0,tiptop,3/5/2022 0:00,abmi600,R01JAT-801,,N,0,,,,,,,,,,,,,,,,0,1,,,VIS 1003,
10MN18C06XXX,10,0000-100030,3/5/2022 0:00,,189,1,0,,KG,1,1,,,0,N,0,N,0,1,,,,100,,R01-0-02,,N,0,tiptop,3/5/2022 0:00,abmi600,R01JAT-801,,N,0,,,,,,,,,,,,,,,,0,1,,,WATER,1668
10MN18C06XXX,15,0000-100011,3/5/2022 0:00,,167,1,0,,KG,1,1,,,0,N,0,N,0,1,,,,100,,R01-0-01,,N,0,tiptop,3/5/2022 0:00,abmi600,R01JAT-801,,N,0,,,,,,,,,,,,,,,,0,1,,,SEMEN,
10MN18C06XXX,20,0000-000015,3/5/2022 0:00,,56,1,0,,KG,1,1,,,1,N,0,N,0,1,,,,100,,R01-0-01,,N,0,tiptop,3/5/2022 0:00,abmi600,R01JAT-801,,N,0,,,,,,,,,,,,,,,,0,1,,,FA,
10MN18C06XXX,25,0000-100094,3/5/2022 0:00,,1081,1,0,,KG,1,1,,,0,N,0,N,0,1,,,,100,,R01-0-Z0,,N,0,tiptop,3/5/2022 0:00,abmi600,R01JAT-801,,N,0,,,,,,,,,,,,,,,,0,1,,,SAND,
10MN18C06XXX,30,0000-100089,3/5/2022 0:00,,0,1,0,,KG,1,1,,,1,N,0,N,0,1,,,,100,,R01-0-01,,N,0,tiptop,3/5/2022 0:00,abmi600,R01JAT-801,,N,0,,,,,,,,,,,,,,,,0,1,,,MSAND,
10MN18C06XXX,35,0000-100090,3/5/2022 0:00,,756,1,0,,KG,1,1,,,1,N,0,N,0,1,,,,100,,R01-0-01,,N,0,tiptop,3/5/2022 0:00,abmi600,R01JAT-801,,N,0,,,,,,,,,,,,,,,,0,1,,,AGG1,
10MN18C06XXX,40,0000-100091,3/5/2022 0:00,,0,1,0,,KG,1,1,,,0,N,0,N,0,1,,,,100,,R01-0-01,,N,0,tiptop,3/5/2022 0:00,abmi600,R01JAT-801,,N,0,,,,,,,,,,,,,,,,0,1,,,AGG2,
10MN18C06XXX,45,0000-100092,3/5/2022 0:00,,0,1,0,,KG,1,1,,,0,N,0,N,0,1,,,,100,,R01-0-01,,N,0,tiptop,3/5/2022 0:00,abmi600,R01JAT-801,,N,0,,,,,,,,,,,,,,,,0,1,,,AGG3,
10MN18C06XXX,50,0002-100015,3/5/2022 0:00,,0.49,1,0,,KG,1,1,,,1,N,0,N,0,1,,,,100,,R01-0-01,,N,0,tiptop,3/5/2022 0:00,abmi600,R01JAT-801,,N,0,,,,,,,,,,,,,,,,0,1,,,PLAST,
10MN18C06XXX,55,0002-100017,3/5/2022 0:00,,0.00,1,0,,KG,1,1,,,0,N,0,N,0,1,,,,100,,R01-0-01,,N,0,tiptop,3/5/2022 0:00,abmi600,R01JAT-801,,N,0,,,,,,,,,,,,,,,,0,1,,,SK 183,
10MN18C06XXX,60,0002-100402,3/5/2022 0:00,,0.00,1,0,,KG,1,1,,,0,N,0,N,0,1,,,,100,,R01-0-01,,N,0,tiptop,3/5/2022 0:00,abmi600,R01JAT-801,,N,0,,,,,,,,,,,,,,,,0,1,,,VIS 1003,
12MN18C06XXX,10,0000-100030,3/5/2022 0:00,,189,1,0,,KG,1,1,,,0,N,0,N,0,1,,,,100,,R01-0-02,,N,0,tiptop,3/5/2022 0:00,abmi600,R01JAT-801,,N,0,,,,,,,,,,,,,,,,0,1,,,WATER,1669
12MN18C06XXX,15,0000-100011,3/5/2022 0:00,,182,1,0,,KG,1,1,,,0,N,0,N,0,1,,,,100,,R01-0-01,,N,0,tiptop,3/5/2022 0:00,abmi600,R01JAT-801,,N,0,,,,,,,,,,,,,,,,0,1,,,SEMEN,
12MN18C06XXX,20,0000-000015,3/5/2022 0:00,,61,1,0,,KG,1,1,,,1,N,0,N,0,1,,,,100,,R01-0-01,,N,0,tiptop,3/5/2022 0:00,abmi600,R01JAT-801,,N,0,,,,,,,,,,,,,,,,0,1,,,FA,
12MN18C06XXX,25,0000-100094,3/5/2022 0:00,,1064,1,0,,KG,1,1,,,0,N,0,N,0,1,,,,100,,R01-0-Z0,,N,0,tiptop,3/5/2022 0:00,abmi600,R01JAT-801,,N,0,,,,,,,,,,,,,,,,0,1,,,SAND,
12MN18C06XXX,30,0000-100089,3/5/2022 0:00,,0,1,0,,KG,1,1,,,1,N,0,N,0,1,,,,100,,R01-0-01,,N,0,tiptop,3/5/2022 0:00,abmi600,R01JAT-801,,N,0,,,,,,,,,,,,,,,,0,1,,,MSAND,
12MN18C06XXX,35,0000-100090,3/5/2022 0:00,,756,1,0,,KG,1,1,,,1,N,0,N,0,1,,,,100,,R01-0-01,,N,0,tiptop,3/5/2022 0:00,abmi600,R01JAT-801,,N,0,,,,,,,,,,,,,,,,0,1,,,AGG1,
12MN18C06XXX,40,0000-100091,3/5/2022 0:00,,0,1,0,,KG,1,1,,,0,N,0,N,0,1,,,,100,,R01-0-01,,N,0,tiptop,3/5/2022 0:00,abmi600,R01JAT-801,,N,0,,,,,,,,,,,,,,,,0,1,,,AGG2,
12MN18C06XXX,45,0000-100092,3/5/2022 0:00,,0,1,0,,KG,1,1,,,0,N,0,N,0,1,,,,100,,R01-0-01,,N,0,tiptop,3/5/2022 0:00,abmi600,R01JAT-801,,N,0,,,,,,,,,,,,,,,,0,1,,,AGG3,
12MN18C06XXX,50,0002-100015,3/5/2022 0:00,,0.53,1,0,,KG,1,1,,,1,N,0,N,0,1,,,,100,,R01-0-01,,N,0,tiptop,3/5/2022 0:00,abmi600,R01JAT-801,,N,0,,,,,,,,,,,,,,,,0,1,,,PLAST,
12MN18C06XXX,55,0002-100017,3/5/2022 0:00,,0.00,1,0,,KG,1,1,,,0,N,0,N,0,1,,,,100,,R01-0-01,,N,0,tiptop,3/5/2022 0:00,abmi600,R01JAT-801,,N,0,,,,,,,,,,,,,,,,0,1,,,SK 183,
12MN18C06XXX,60,0002-100402,3/5/2022 0:00,,0.00,1,0,,KG,1,1,,,0,N,0,N,0,1,,,,100,,R01-0-01,,N,0,tiptop,3/5/2022 0:00,abmi600,R01JAT-801,,N,0,,,,,,,,,,,,,,,,0,1,,,VIS 1003,
14MN18C06XXX,10,0000-100030,3/5/2022 0:00,,189,1,0,,KG,1,1,,,0,N,0,N,0,1,,,,100,,R01-0-02,,N,0,tiptop,3/5/2022 0:00,abmi600,R01JAT-801,,N,0,,,,,,,,,,,,,,,,0,1,,,WATER,1670
14MN18C06XXX,15,0000-100011,3/5/2022 0:00,,196,1,0,,KG,1,1,,,0,N,0,N,0,1,,,,100,,R01-0-01,,N,0,tiptop,3/5/2022 0:00,abmi600,R01JAT-801,,N,0,,,,,,,,,,,,,,,,0,1,,,SEMEN,
14MN18C06XXX,20,0000-000015,3/5/2022 0:00,,65,1,0,,KG,1,1,,,1,N,0,N,0,1,,,,100,,R01-0-01,,N,0,tiptop,3/5/2022 0:00,abmi600,R01JAT-801,,N,0,,,,,,,,,,,,,,,,0,1,,,FA,
14MN18C06XXX,25,0000-100094,3/5/2022 0:00,,1046,1,0,,KG,1,1,,,0,N,0,N,0,1,,,,100,,R01-0-Z0,,N,0,tiptop,3/5/2022 0:00,abmi600,R01JAT-801,,N,0,,,,,,,,,,,,,,,,0,1,,,SAND,
14MN18C06XXX,30,0000-100089,3/5/2022 0:00,,0,1,0,,KG,1,1,,,1,N,0,N,0,1,,,,100,,R01-0-01,,N,0,tiptop,3/5/2022 0:00,abmi600,R01JAT-801,,N,0,,,,,,,,,,,,,,,,0,1,,,MSAND,
14MN18C06XXX,35,0000-100090,3/5/2022 0:00,,756,1,0,,KG,1,1,,,1,N,0,N,0,1,,,,100,,R01-0-01,,N,0,tiptop,3/5/2022 0:00,abmi600,R01JAT-801,,N,0,,,,,,,,,,,,,,,,0,1,,,AGG1,
14MN18C06XXX,40,0000-100091,3/5/2022 0:00,,0,1,0,,KG,1,1,,,0,N,0,N,0,1,,,,100,,R01-0-01,,N,0,tiptop,3/5/2022 0:00,abmi600,R01JAT-801,,N,0,,,,,,,,,,,,,,,,0,1,,,AGG2,
14MN18C06XXX,45,0000-100092,3/5/2022 0:00,,0,1,0,,KG,1,1,,,0,N,0,N,0,1,,,,100,,R01-0-01,,N,0,tiptop,3/5/2022 0:00,abmi600,R01JAT-801,,N,0,,,,,,,,,,,,,,,,0,1,,,AGG3,
14MN18C06XXX,50,0002-100015,3/5/2022 0:00,,0.58,1,0,,KG,1,1,,,1,N,0,N,0,1,,,,100,,R01-0-01,,N,0,tiptop,3/5/2022 0:00,abmi600,R01JAT-801,,N,0,,,,,,,,,,,,,,,,0,1,,,PLAST,
14MN18C06XXX,55,0002-100017,3/5/2022 0:00,,0.00,1,0,,KG,1,1,,,0,N,0,N,0,1,,,,100,,R01-0-01,,N,0,tiptop,3/5/2022 0:00,abmi600,R01JAT-801,,N,0,,,,,,,,,,,,,,,,0,1,,,SK 183,
14MN18C06XXX,60,0002-100402,3/5/2022 0:00,,0.00,1,0,,KG,1,1,,,0,N,0,N,0,1,,,,100,,R01-0-01,,N,0,tiptop,3/5/2022 0:00,abmi600,R01JAT-801,,N,0,,,,,,,,,,,,,,,,0,1,,,VIS 1003,
16MN18C06XXX,10,0000-100030,3/5/2022 0:00,,189,1,0,,KG,1,1,,,0,N,0,N,0,1,,,,100,,R01-0-02,,N,0,tiptop,3/5/2022 0:00,abmi600,R01JAT-801,,N,0,,,,,,,,,,,,,,,,0,1,,,WATER,1671
16MN18C06XXX,15,0000-100011,3/5/2022 0:00,,210,1,0,,KG,1,1,,,0,N,0,N,0,1,,,,100,,R01-0-01,,N,0,tiptop,3/5/2022 0:00,abmi600,R01JAT-801,,N,0,,,,,,,,,,,,,,,,0,1,,,SEMEN,
16MN18C06XXX,20,0000-000015,3/5/2022 0:00,,70,1,0,,KG,1,1,,,1,N,0,N,0,1,,,,100,,R01-0-01,,N,0,tiptop,3/5/2022 0:00,abmi600,R01JAT-801,,N,0,,,,,,,,,,,,,,,,0,1,,,FA,
16MN18C06XXX,25,0000-100094,3/5/2022 0:00,,1028,1,0,,KG,1,1,,,0,N,0,N,0,1,,,,100,,R01-0-Z0,,N,0,tiptop,3/5/2022 0:00,abmi600,R01JAT-801,,N,0,,,,,,,,,,,,,,,,0,1,,,SAND,
16MN18C06XXX,30,0000-100089,3/5/2022 0:00,,0,1,0,,KG,1,1,,,1,N,0,N,0,1,,,,100,,R01-0-01,,N,0,tiptop,3/5/2022 0:00,abmi600,R01JAT-801,,N,0,,,,,,,,,,,,,,,,0,1,,,MSAND,
16MN18C06XXX,35,0000-100090,3/5/2022 0:00,,756,1,0,,KG,1,1,,,1,N,0,N,0,1,,,,100,,R01-0-01,,N,0,tiptop,3/5/2022 0:00,abmi600,R01JAT-801,,N,0,,,,,,,,,,,,,,,,0,1,,,AGG1,
16MN18C06XXX,40,0000-100091,3/5/2022 0:00,,0,1,0,,KG,1,1,,,0,N,0,N,0,1,,,,100,,R01-0-01,,N,0,tiptop,3/5/2022 0:00,abmi600,R01JAT-801,,N,0,,,,,,,,,,,,,,,,0,1,,,AGG2,
16MN18C06XXX,45,0000-100092,3/5/2022 0:00,,0,1,0,,KG,1,1,,,0,N,0,N,0,1,,,,100,,R01-0-01,,N,0,tiptop,3/5/2022 0:00,abmi600,R01JAT-801,,N,0,,,,,,,,,,,,,,,,0,1,,,AGG3,
16MN18C06XXX,50,0002-100015,3/5/2022 0:00,,0.62,1,0,,KG,1,1,,,1,N,0,N,0,1,,,,100,,R01-0-01,,N,0,tiptop,3/5/2022 0:00,abmi600,R01JAT-801,,N,0,,,,,,,,,,,,,,,,0,1,,,PLAST,
16MN18C06XXX,55,0002-100017,3/5/2022 0:00,,0.00,1,0,,KG,1,1,,,0,N,0,N,0,1,,,,100,,R01-0-01,,N,0,tiptop,3/5/2022 0:00,abmi600,R01JAT-801,,N,0,,,,,,,,,,,,,,,,0,1,,,SK 183,
16MN18C06XXX,60,0002-100402,3/5/2022 0:00,,0.00,1,0,,KG,1,1,,,0,N,0,N,0,1,,,,100,,R01-0-01,,N,0,tiptop,3/5/2022 0:00,abmi600,R01JAT-801,,N,0,,,,,,,,,,,,,,,,0,1,,,VIS 1003,
18MN18C06XXX,10,0000-100030,3/5/2022 0:00,,189,1,0,,KG,1,1,,,0,N,0,N,0,1,,,,100,,R01-0-02,,N,0,tiptop,3/5/2022 0:00,abmi600,R01JAT-801,,N,0,,,,,,,,,,,,,,,,0,1,,,WATER,1672
18MN18C06XXX,15,0000-100011,3/5/2022 0:00,,225,1,0,,KG,1,1,,,0,N,0,N,0,1,,,,100,,R01-0-01,,N,0,tiptop,3/5/2022 0:00,abmi600,R01JAT-801,,N,0,,,,,,,,,,,,,,,,0,1,,,SEMEN,
18MN18C06XXX,20,0000-000015,3/5/2022 0:00,,75,1,0,,KG,1,1,,,1,N,0,N,0,1,,,,100,,R01-0-01,,N,0,tiptop,3/5/2022 0:00,abmi600,R01JAT-801,,N,0,,,,,,,,,,,,,,,,0,1,,,FA,
18MN18C06XXX,25,0000-100094,3/5/2022 0:00,,1011,1,0,,KG,1,1,,,0,N,0,N,0,1,,,,100,,R01-0-Z0,,N,0,tiptop,3/5/2022 0:00,abmi600,R01JAT-801,,N,0,,,,,,,,,,,,,,,,0,1,,,SAND,
18MN18C06XXX,30,0000-100089,3/5/2022 0:00,,0,1,0,,KG,1,1,,,1,N,0,N,0,1,,,,100,,R01-0-01,,N,0,tiptop,3/5/2022 0:00,abmi600,R01JAT-801,,N,0,,,,,,,,,,,,,,,,0,1,,,MSAND,
18MN18C06XXX,35,0000-100090,3/5/2022 0:00,,756,1,0,,KG,1,1,,,1,N,0,N,0,1,,,,100,,R01-0-01,,N,0,tiptop,3/5/2022 0:00,abmi600,R01JAT-801,,N,0,,,,,,,,,,,,,,,,0,1,,,AGG1,
18MN18C06XXX,40,0000-100091,3/5/2022 0:00,,0,1,0,,KG,1,1,,,0,N,0,N,0,1,,,,100,,R01-0-01,,N,0,tiptop,3/5/2022 0:00,abmi600,R01JAT-801,,N,0,,,,,,,,,,,,,,,,0,1,,,AGG2,
18MN18C06XXX,45,0000-100092,3/5/2022 0:00,,0,1,0,,KG,1,1,,,0,N,0,N,0,1,,,,100,,R01-0-01,,N,0,tiptop,3/5/2022 0:00,abmi600,R01JAT-801,,N,0,,,,,,,,,,,,,,,,0,1,,,AGG3,
18MN18C06XXX,50,0002-100015,3/5/2022 0:00,,0.66,1,0,,KG,1,1,,,1,N,0,N,0,1,,,,100,,R01-0-01,,N,0,tiptop,3/5/2022 0:00,abmi600,R01JAT-801,,N,0,,,,,,,,,,,,,,,,0,1,,,PLAST,
18MN18C06XXX,55,0002-100017,3/5/2022 0:00,,0.00,1,0,,KG,1,1,,,0,N,0,N,0,1,,,,100,,R01-0-01,,N,0,tiptop,3/5/2022 0:00,abmi600,R01JAT-801,,N,0,,,,,,,,,,,,,,,,0,1,,,SK 183,
18MN18C06XXX,60,0002-100402,3/5/2022 0:00,,0.00,1,0,,KG,1,1,,,0,N,0,N,0,1,,,,100,,R01-0-01,,N,0,tiptop,3/5/2022 0:00,abmi600,R01JAT-801,,N,0,,,,,,,,,,,,,,,,0,1,,,VIS 1003,
20MN18C06XXX,10,0000-100030,3/5/2022 0:00,,189,1,0,,KG,1,1,,,0,N,0,N,0,1,,,,100,,R01-0-02,,N,0,tiptop,3/5/2022 0:00,abmi600,R01JAT-801,,N,0,,,,,,,,,,,,,,,,0,1,,,WATER,1673
20MN18C06XXX,15,0000-100011,3/5/2022 0:00,,240,1,0,,KG,1,1,,,0,N,0,N,0,1,,,,100,,R01-0-01,,N,0,tiptop,3/5/2022 0:00,abmi600,R01JAT-801,,N,0,,,,,,,,,,,,,,,,0,1,,,SEMEN,
20MN18C06XXX,20,0000-000015,3/5/2022 0:00,,80,1,0,,KG,1,1,,,1,N,0,N,0,1,,,,100,,R01-0-01,,N,0,tiptop,3/5/2022 0:00,abmi600,R01JAT-801,,N,0,,,,,,,,,,,,,,,,0,1,,,FA,
20MN18C06XXX,25,0000-100094,3/5/2022 0:00,,992,1,0,,KG,1,1,,,0,N,0,N,0,1,,,,100,,R01-0-Z0,,N,0,tiptop,3/5/2022 0:00,abmi600,R01JAT-801,,N,0,,,,,,,,,,,,,,,,0,1,,,SAND,
20MN18C06XXX,30,0000-100089,3/5/2022 0:00,,0,1,0,,KG,1,1,,,1,N,0,N,0,1,,,,100,,R01-0-01,,N,0,tiptop,3/5/2022 0:00,abmi600,R01JAT-801,,N,0,,,,,,,,,,,,,,,,0,1,,,MSAND,
20MN18C06XXX,35,0000-100090,3/5/2022 0:00,,756,1,0,,KG,1,1,,,1,N,0,N,0,1,,,,100,,R01-0-01,,N,0,tiptop,3/5/2022 0:00,abmi600,R01JAT-801,,N,0,,,,,,,,,,,,,,,,0,1,,,AGG1,
20MN18C06XXX,40,0000-100091,3/5/2022 0:00,,0,1,0,,KG,1,1,,,0,N,0,N,0,1,,,,100,,R01-0-01,,N,0,tiptop,3/5/2022 0:00,abmi600,R01JAT-801,,N,0,,,,,,,,,,,,,,,,0,1,,,AGG2,
20MN18C06XXX,45,0000-100092,3/5/2022 0:00,,0,1,0,,KG,1,1,,,0,N,0,N,0,1,,,,100,,R01-0-01,,N,0,tiptop,3/5/2022 0:00,abmi600,R01JAT-801,,N,0,,,,,,,,,,,,,,,,0,1,,,AGG3,
20MN18C06XXX,50,0002-100015,3/5/2022 0:00,,0.70,1,0,,KG,1,1,,,1,N,0,N,0,1,,,,100,,R01-0-01,,N,0,tiptop,3/5/2022 0:00,abmi600,R01JAT-801,,N,0,,,,,,,,,,,,,,,,0,1,,,PLAST,
20MN18C06XXX,55,0002-100017,3/5/2022 0:00,,0.00,1,0,,KG,1,1,,,0,N,0,N,0,1,,,,100,,R01-0-01,,N,0,tiptop,3/5/2022 0:00,abmi600,R01JAT-801,,N,0,,,,,,,,,,,,,,,,0,1,,,SK 183,
20MN18C06XXX,60,0002-100402,3/5/2022 0:00,,0.00,1,0,,KG,1,1,,,0,N,0,N,0,1,,,,100,,R01-0-01,,N,0,tiptop,3/5/2022 0:00,abmi600,R01JAT-801,,N,0,,,,,,,,,,,,,,,,0,1,,,VIS 1003,
22MN18C06XXX,10,0000-100030,3/5/2022 0:00,,187,1,0,,KG,1,1,,,0,N,0,N,0,1,,,,100,,R01-0-02,,N,0,tiptop,3/5/2022 0:00,abmi600,R01JAT-801,,N,0,,,,,,,,,,,,,,,,0,1,,,WATER,1674
22MN18C06XXX,15,0000-100011,3/5/2022 0:00,,252,1,0,,KG,1,1,,,0,N,0,N,0,1,,,,100,,R01-0-01,,N,0,tiptop,3/5/2022 0:00,abmi600,R01JAT-801,,N,0,,,,,,,,,,,,,,,,0,1,,,SEMEN,
22MN18C06XXX,20,0000-000015,3/5/2022 0:00,,84,1,0,,KG,1,1,,,1,N,0,N,0,1,,,,100,,R01-0-01,,N,0,tiptop,3/5/2022 0:00,abmi600,R01JAT-801,,N,0,,,,,,,,,,,,,,,,0,1,,,FA,
22MN18C06XXX,25,0000-100094,3/5/2022 0:00,,981,1,0,,KG,1,1,,,0,N,0,N,0,1,,,,100,,R01-0-Z0,,N,0,tiptop,3/5/2022 0:00,abmi600,R01JAT-801,,N,0,,,,,,,,,,,,,,,,0,1,,,SAND,
22MN18C06XXX,30,0000-100089,3/5/2022 0:00,,0,1,0,,KG,1,1,,,1,N,0,N,0,1,,,,100,,R01-0-01,,N,0,tiptop,3/5/2022 0:00,abmi600,R01JAT-801,,N,0,,,,,,,,,,,,,,,,0,1,,,MSAND,
22MN18C06XXX,35,0000-100090,3/5/2022 0:00,,756,1,0,,KG,1,1,,,1,N,0,N,0,1,,,,100,,R01-0-01,,N,0,tiptop,3/5/2022 0:00,abmi600,R01JAT-801,,N,0,,,,,,,,,,,,,,,,0,1,,,AGG1,
22MN18C06XXX,40,0000-100091,3/5/2022 0:00,,0,1,0,,KG,1,1,,,0,N,0,N,0,1,,,,100,,R01-0-01,,N,0,tiptop,3/5/2022 0:00,abmi600,R01JAT-801,,N,0,,,,,,,,,,,,,,,,0,1,,,AGG2,
22MN18C06XXX,45,0000-100092,3/5/2022 0:00,,0,1,0,,KG,1,1,,,0,N,0,N,0,1,,,,100,,R01-0-01,,N,0,tiptop,3/5/2022 0:00,abmi600,R01JAT-801,,N,0,,,,,,,,,,,,,,,,0,1,,,AGG3,
22MN18C06XXX,50,0002-100015,3/5/2022 0:00,,0.74,1,0,,KG,1,1,,,1,N,0,N,0,1,,,,100,,R01-0-01,,N,0,tiptop,3/5/2022 0:00,abmi600,R01JAT-801,,N,0,,,,,,,,,,,,,,,,0,1,,,PLAST,
22MN18C06XXX,55,0002-100017,3/5/2022 0:00,,0.81,1,0,,KG,1,1,,,0,N,0,N,0,1,,,,100,,R01-0-01,,N,0,tiptop,3/5/2022 0:00,abmi600,R01JAT-801,,N,0,,,,,,,,,,,,,,,,0,1,,,SK 183,
22MN18C06XXX,60,0002-100402,3/5/2022 0:00,,0.00,1,0,,KG,1,1,,,0,N,0,N,0,1,,,,100,,R01-0-01,,N,0,tiptop,3/5/2022 0:00,abmi600,R01JAT-801,,N,0,,,,,,,,,,,,,,,,0,1,,,VIS 1003,
25MN18C06XXX,10,0000-100030,3/5/2022 0:00,,187,1,0,,KG,1,1,,,0,N,0,N,0,1,,,,100,,R01-0-02,,N,0,tiptop,3/5/2022 0:00,abmi600,R01JAT-801,,N,0,,,,,,,,,,,,,,,,0,1,,,WATER,1675
25MN18C06XXX,15,0000-100011,3/5/2022 0:00,,275,1,0,,KG,1,1,,,0,N,0,N,0,1,,,,100,,R01-0-01,,N,0,tiptop,3/5/2022 0:00,abmi600,R01JAT-801,,N,0,,,,,,,,,,,,,,,,0,1,,,SEMEN,
25MN18C06XXX,20,0000-000015,3/5/2022 0:00,,92,1,0,,KG,1,1,,,1,N,0,N,0,1,,,,100,,R01-0-01,,N,0,tiptop,3/5/2022 0:00,abmi600,R01JAT-801,,N,0,,,,,,,,,,,,,,,,0,1,,,FA,
25MN18C06XXX,25,0000-100094,3/5/2022 0:00,,952,1,0,,KG,1,1,,,0,N,0,N,0,1,,,,100,,R01-0-Z0,,N,0,tiptop,3/5/2022 0:00,abmi600,R01JAT-801,,N,0,,,,,,,,,,,,,,,,0,1,,,SAND,
25MN18C06XXX,30,0000-100089,3/5/2022 0:00,,0,1,0,,KG,1,1,,,1,N,0,N,0,1,,,,100,,R01-0-01,,N,0,tiptop,3/5/2022 0:00,abmi600,R01JAT-801,,N,0,,,,,,,,,,,,,,,,0,1,,,MSAND,
25MN18C06XXX,35,0000-100090,3/5/2022 0:00,,756,1,0,,KG,1,1,,,1,N,0,N,0,1,,,,100,,R01-0-01,,N,0,tiptop,3/5/2022 0:00,abmi600,R01JAT-801,,N,0,,,,,,,,,,,,,,,,0,1,,,AGG1,
25MN18C06XXX,40,0000-100091,3/5/2022 0:00,,0,1,0,,KG,1,1,,,0,N,0,N,0,1,,,,100,,R01-0-01,,N,0,tiptop,3/5/2022 0:00,abmi600,R01JAT-801,,N,0,,,,,,,,,,,,,,,,0,1,,,AGG2,
25MN18C06XXX,45,0000-100092,3/5/2022 0:00,,0,1,0,,KG,1,1,,,0,N,0,N,0,1,,,,100,,R01-0-01,,N,0,tiptop,3/5/2022 0:00,abmi600,R01JAT-801,,N,0,,,,,,,,,,,,,,,,0,1,,,AGG3,
25MN18C06XXX,50,0002-100015,3/5/2022 0:00,,0.81,1,0,,KG,1,1,,,1,N,0,N,0,1,,,,100,,R01-0-01,,N,0,tiptop,3/5/2022 0:00,abmi600,R01JAT-801,,N,0,,,,,,,,,,,,,,,,0,1,,,PLAST,
25MN18C06XXX,55,0002-100017,3/5/2022 0:00,,0.88,1,0,,KG,1,1,,,0,N,0,N,0,1,,,,100,,R01-0-01,,N,0,tiptop,3/5/2022 0:00,abmi600,R01JAT-801,,N,0,,,,,,,,,,,,,,,,0,1,,,SK 183,
25MN18C06XXX,60,0002-100402,3/5/2022 0:00,,0.00,1,0,,KG,1,1,,,0,N,0,N,0,1,,,,100,,R01-0-01,,N,0,tiptop,3/5/2022 0:00,abmi600,R01JAT-801,,N,0,,,,,,,,,,,,,,,,0,1,,,VIS 1003,
27MN18C06XXX,10,0000-100030,3/5/2022 0:00,,187,1,0,,KG,1,1,,,0,N,0,N,0,1,,,,100,,R01-0-02,,N,0,tiptop,3/5/2022 0:00,abmi600,R01JAT-801,,N,0,,,,,,,,,,,,,,,,0,1,,,WATER,1676
27MN18C06XXX,15,0000-100011,3/5/2022 0:00,,291,1,0,,KG,1,1,,,0,N,0,N,0,1,,,,100,,R01-0-01,,N,0,tiptop,3/5/2022 0:00,abmi600,R01JAT-801,,N,0,,,,,,,,,,,,,,,,0,1,,,SEMEN,
27MN18C06XXX,20,0000-000015,3/5/2022 0:00,,97,1,0,,KG,1,1,,,1,N,0,N,0,1,,,,100,,R01-0-01,,N,0,tiptop,3/5/2022 0:00,abmi600,R01JAT-801,,N,0,,,,,,,,,,,,,,,,0,1,,,FA,
27MN18C06XXX,25,0000-100094,3/5/2022 0:00,,932,1,0,,KG,1,1,,,0,N,0,N,0,1,,,,100,,R01-0-Z0,,N,0,tiptop,3/5/2022 0:00,abmi600,R01JAT-801,,N,0,,,,,,,,,,,,,,,,0,1,,,SAND,
27MN18C06XXX,30,0000-100089,3/5/2022 0:00,,0,1,0,,KG,1,1,,,1,N,0,N,0,1,,,,100,,R01-0-01,,N,0,tiptop,3/5/2022 0:00,abmi600,R01JAT-801,,N,0,,,,,,,,,,,,,,,,0,1,,,MSAND,
27MN18C06XXX,35,0000-100090,3/5/2022 0:00,,756,1,0,,KG,1,1,,,1,N,0,N,0,1,,,,100,,R01-0-01,,N,0,tiptop,3/5/2022 0:00,abmi600,R01JAT-801,,N,0,,,,,,,,,,,,,,,,0,1,,,AGG1,
27MN18C06XXX,40,0000-100091,3/5/2022 0:00,,0,1,0,,KG,1,1,,,0,N,0,N,0,1,,,,100,,R01-0-01,,N,0,tiptop,3/5/2022 0:00,abmi600,R01JAT-801,,N,0,,,,,,,,,,,,,,,,0,1,,,AGG2,
27MN18C06XXX,45,0000-100092,3/5/2022 0:00,,0,1,0,,KG,1,1,,,0,N,0,N,0,1,,,,100,,R01-0-01,,N,0,tiptop,3/5/2022 0:00,abmi600,R01JAT-801,,N,0,,,,,,,,,,,,,,,,0,1,,,AGG3,
27MN18C06XXX,50,0002-100015,3/5/2022 0:00,,0.85,1,0,,KG,1,1,,,1,N,0,N,0,1,,,,100,,R01-0-01,,N,0,tiptop,3/5/2022 0:00,abmi600,R01JAT-801,,N,0,,,,,,,,,,,,,,,,0,1,,,PLAST,
27MN18C06XXX,55,0002-100017,3/5/2022 0:00,,0.94,1,0,,KG,1,1,,,0,N,0,N,0,1,,,,100,,R01-0-01,,N,0,tiptop,3/5/2022 0:00,abmi600,R01JAT-801,,N,0,,,,,,,,,,,,,,,,0,1,,,SK 183,
27MN18C06XXX,60,0002-100402,3/5/2022 0:00,,0.00,1,0,,KG,1,1,,,0,N,0,N,0,1,,,,100,,R01-0-01,,N,0,tiptop,3/5/2022 0:00,abmi600,R01JAT-801,,N,0,,,,,,,,,,,,,,,,0,1,,,VIS 1003,
30MN18C06XXX,10,0000-100030,3/5/2022 0:00,,187,1,0,,KG,1,1,,,0,N,0,N,0,1,,,,100,,R01-0-02,,N,0,tiptop,3/5/2022 0:00,abmi600,R01JAT-801,,N,0,,,,,,,,,,,,,,,,0,1,,,WATER,1677
30MN18C06XXX,15,0000-100011,3/5/2022 0:00,,317,1,0,,KG,1,1,,,0,N,0,N,0,1,,,,100,,R01-0-01,,N,0,tiptop,3/5/2022 0:00,abmi600,R01JAT-801,,N,0,,,,,,,,,,,,,,,,0,1,,,SEMEN,
30MN18C06XXX,20,0000-000015,3/5/2022 0:00,,106,1,0,,KG,1,1,,,1,N,0,N,0,1,,,,100,,R01-0-01,,N,0,tiptop,3/5/2022 0:00,abmi600,R01JAT-801,,N,0,,,,,,,,,,,,,,,,0,1,,,FA,
30MN18C06XXX,25,0000-100094,3/5/2022 0:00,,900,1,0,,KG,1,1,,,0,N,0,N,0,1,,,,100,,R01-0-Z0,,N,0,tiptop,3/5/2022 0:00,abmi600,R01JAT-801,,N,0,,,,,,,,,,,,,,,,0,1,,,SAND,
30MN18C06XXX,30,0000-100089,3/5/2022 0:00,,0,1,0,,KG,1,1,,,1,N,0,N,0,1,,,,100,,R01-0-01,,N,0,tiptop,3/5/2022 0:00,abmi600,R01JAT-801,,N,0,,,,,,,,,,,,,,,,0,1,,,MSAND,
30MN18C06XXX,35,0000-100090,3/5/2022 0:00,,756,1,0,,KG,1,1,,,1,N,0,N,0,1,,,,100,,R01-0-01,,N,0,tiptop,3/5/2022 0:00,abmi600,R01JAT-801,,N,0,,,,,,,,,,,,,,,,0,1,,,AGG1,
30MN18C06XXX,40,0000-100091,3/5/2022 0:00,,0,1,0,,KG,1,1,,,0,N,0,N,0,1,,,,100,,R01-0-01,,N,0,tiptop,3/5/2022 0:00,abmi600,R01JAT-801,,N,0,,,,,,,,,,,,,,,,0,1,,,AGG2,
30MN18C06XXX,45,0000-100092,3/5/2022 0:00,,0,1,0,,KG,1,1,,,0,N,0,N,0,1,,,,100,,R01-0-01,,N,0,tiptop,3/5/2022 0:00,abmi600,R01JAT-801,,N,0,,,,,,,,,,,,,,,,0,1,,,AGG3,
30MN18C06XXX,50,0002-100015,3/5/2022 0:00,,0.93,1,0,,KG,1,1,,,1,N,0,N,0,1,,,,100,,R01-0-01,,N,0,tiptop,3/5/2022 0:00,abmi600,R01JAT-801,,N,0,,,,,,,,,,,,,,,,0,1,,,PLAST,
30MN18C06XXX,55,0002-100017,3/5/2022 0:00,,1.02,1,0,,KG,1,1,,,0,N,0,N,0,1,,,,100,,R01-0-01,,N,0,tiptop,3/5/2022 0:00,abmi600,R01JAT-801,,N,0,,,,,,,,,,,,,,,,0,1,,,SK 183,
30MN18C06XXX,60,0002-100402,3/5/2022 0:00,,0.00,1,0,,KG,1,1,,,0,N,0,N,0,1,,,,100,,R01-0-01,,N,0,tiptop,3/5/2022 0:00,abmi600,R01JAT-801,,N,0,,,,,,,,,,,,,,,,0,1,,,VIS 1003,
32MN18C06XXX,10,0000-100030,3/5/2022 0:00,,187,1,0,,KG,1,1,,,0,N,0,N,0,1,,,,100,,R01-0-02,,N,0,tiptop,3/5/2022 0:00,abmi600,R01JAT-801,,N,0,,,,,,,,,,,,,,,,0,1,,,WATER,1678
32MN18C06XXX,15,0000-100011,3/5/2022 0:00,,335,1,0,,KG,1,1,,,0,N,0,N,0,1,,,,100,,R01-0-01,,N,0,tiptop,3/5/2022 0:00,abmi600,R01JAT-801,,N,0,,,,,,,,,,,,,,,,0,1,,,SEMEN,
32MN18C06XXX,20,0000-000015,3/5/2022 0:00,,112,1,0,,KG,1,1,,,1,N,0,N,0,1,,,,100,,R01-0-01,,N,0,tiptop,3/5/2022 0:00,abmi600,R01JAT-801,,N,0,,,,,,,,,,,,,,,,0,1,,,FA,
32MN18C06XXX,25,0000-100094,3/5/2022 0:00,,878,1,0,,KG,1,1,,,0,N,0,N,0,1,,,,100,,R01-0-Z0,,N,0,tiptop,3/5/2022 0:00,abmi600,R01JAT-801,,N,0,,,,,,,,,,,,,,,,0,1,,,SAND,
32MN18C06XXX,30,0000-100089,3/5/2022 0:00,,0,1,0,,KG,1,1,,,1,N,0,N,0,1,,,,100,,R01-0-01,,N,0,tiptop,3/5/2022 0:00,abmi600,R01JAT-801,,N,0,,,,,,,,,,,,,,,,0,1,,,MSAND,
32MN18C06XXX,35,0000-100090,3/5/2022 0:00,,756,1,0,,KG,1,1,,,1,N,0,N,0,1,,,,100,,R01-0-01,,N,0,tiptop,3/5/2022 0:00,abmi600,R01JAT-801,,N,0,,,,,,,,,,,,,,,,0,1,,,AGG1,
32MN18C06XXX,40,0000-100091,3/5/2022 0:00,,0,1,0,,KG,1,1,,,0,N,0,N,0,1,,,,100,,R01-0-01,,N,0,tiptop,3/5/2022 0:00,abmi600,R01JAT-801,,N,0,,,,,,,,,,,,,,,,0,1,,,AGG2,
32MN18C06XXX,45,0000-100092,3/5/2022 0:00,,0,1,0,,KG,1,1,,,0,N,0,N,0,1,,,,100,,R01-0-01,,N,0,tiptop,3/5/2022 0:00,abmi600,R01JAT-801,,N,0,,,,,,,,,,,,,,,,0,1,,,AGG3,
32MN18C06XXX,50,0002-100015,3/5/2022 0:00,,0.98,1,0,,KG,1,1,,,1,N,0,N,0,1,,,,100,,R01-0-01,,N,0,tiptop,3/5/2022 0:00,abmi600,R01JAT-801,,N,0,,,,,,,,,,,,,,,,0,1,,,PLAST,
32MN18C06XXX,55,0002-100017,3/5/2022 0:00,,1.08,1,0,,KG,1,1,,,0,N,0,N,0,1,,,,100,,R01-0-01,,N,0,tiptop,3/5/2022 0:00,abmi600,R01JAT-801,,N,0,,,,,,,,,,,,,,,,0,1,,,SK 183,
32MN18C06XXX,60,0002-100402,3/5/2022 0:00,,0.00,1,0,,KG,1,1,,,0,N,0,N,0,1,,,,100,,R01-0-01,,N,0,tiptop,3/5/2022 0:00,abmi600,R01JAT-801,,N,0,,,,,,,,,,,,,,,,0,1,,,VIS 1003,
33MN18C06XXX,10,0000-100030,3/5/2022 0:00,,187,1,0,,KG,1,1,,,0,N,0,N,0,1,,,,100,,R01-0-02,,N,0,tiptop,3/5/2022 0:00,abmi600,R01JAT-801,,N,0,,,,,,,,,,,,,,,,0,1,,,WATER,1679
33MN18C06XXX,15,0000-100011,3/5/2022 0:00,,344,1,0,,KG,1,1,,,0,N,0,N,0,1,,,,100,,R01-0-01,,N,0,tiptop,3/5/2022 0:00,abmi600,R01JAT-801,,N,0,,,,,,,,,,,,,,,,0,1,,,SEMEN,
33MN18C06XXX,20,0000-000015,3/5/2022 0:00,,115,1,0,,KG,1,1,,,1,N,0,N,0,1,,,,100,,R01-0-01,,N,0,tiptop,3/5/2022 0:00,abmi600,R01JAT-801,,N,0,,,,,,,,,,,,,,,,0,1,,,FA,
33MN18C06XXX,25,0000-100094,3/5/2022 0:00,,866,1,0,,KG,1,1,,,0,N,0,N,0,1,,,,100,,R01-0-Z0,,N,0,tiptop,3/5/2022 0:00,abmi600,R01JAT-801,,N,0,,,,,,,,,,,,,,,,0,1,,,SAND,
33MN18C06XXX,30,0000-100089,3/5/2022 0:00,,0,1,0,,KG,1,1,,,1,N,0,N,0,1,,,,100,,R01-0-01,,N,0,tiptop,3/5/2022 0:00,abmi600,R01JAT-801,,N,0,,,,,,,,,,,,,,,,0,1,,,MSAND,
33MN18C06XXX,35,0000-100090,3/5/2022 0:00,,756,1,0,,KG,1,1,,,1,N,0,N,0,1,,,,100,,R01-0-01,,N,0,tiptop,3/5/2022 0:00,abmi600,R01JAT-801,,N,0,,,,,,,,,,,,,,,,0,1,,,AGG1,
33MN18C06XXX,40,0000-100091,3/5/2022 0:00,,0,1,0,,KG,1,1,,,0,N,0,N,0,1,,,,100,,R01-0-01,,N,0,tiptop,3/5/2022 0:00,abmi600,R01JAT-801,,N,0,,,,,,,,,,,,,,,,0,1,,,AGG2,
33MN18C06XXX,45,0000-100092,3/5/2022 0:00,,0,1,0,,KG,1,1,,,0,N,0,N,0,1,,,,100,,R01-0-01,,N,0,tiptop,3/5/2022 0:00,abmi600,R01JAT-801,,N,0,,,,,,,,,,,,,,,,0,1,,,AGG3,
33MN18C06XXX,50,0002-100015,3/5/2022 0:00,,1.01,1,0,,KG,1,1,,,1,N,0,N,0,1,,,,100,,R01-0-01,,N,0,tiptop,3/5/2022 0:00,abmi600,R01JAT-801,,N,0,,,,,,,,,,,,,,,,0,1,,,PLAST,
33MN18C06XXX,55,0002-100017,3/5/2022 0:00,,1.10,1,0,,KG,1,1,,,0,N,0,N,0,1,,,,100,,R01-0-01,,N,0,tiptop,3/5/2022 0:00,abmi600,R01JAT-801,,N,0,,,,,,,,,,,,,,,,0,1,,,SK 183,
33MN18C06XXX,60,0002-100402,3/5/2022 0:00,,0.00,1,0,,KG,1,1,,,0,N,0,N,0,1,,,,100,,R01-0-01,,N,0,tiptop,3/5/2022 0:00,abmi600,R01JAT-801,,N,0,,,,,,,,,,,,,,,,0,1,,,VIS 1003,
35MN18C06XXX,10,0000-100030,3/5/2022 0:00,,175,1,0,,KG,1,1,,,0,N,0,N,0,1,,,,100,,R01-0-02,,N,0,tiptop,3/5/2022 0:00,abmi600,R01JAT-801,,N,0,,,,,,,,,,,,,,,,0,1,,,WATER,1680
35MN18C06XXX,15,0000-100011,3/5/2022 0:00,,340,1,0,,KG,1,1,,,0,N,0,N,0,1,,,,100,,R01-0-01,,N,0,tiptop,3/5/2022 0:00,abmi600,R01JAT-801,,N,0,,,,,,,,,,,,,,,,0,1,,,SEMEN,
35MN18C06XXX,20,0000-000015,3/5/2022 0:00,,113,1,0,,KG,1,1,,,1,N,0,N,0,1,,,,100,,R01-0-01,,N,0,tiptop,3/5/2022 0:00,abmi600,R01JAT-801,,N,0,,,,,,,,,,,,,,,,0,1,,,FA,
35MN18C06XXX,25,0000-100094,3/5/2022 0:00,,900,1,0,,KG,1,1,,,0,N,0,N,0,1,,,,100,,R01-0-Z0,,N,0,tiptop,3/5/2022 0:00,abmi600,R01JAT-801,,N,0,,,,,,,,,,,,,,,,0,1,,,SAND,
35MN18C06XXX,30,0000-100089,3/5/2022 0:00,,0,1,0,,KG,1,1,,,1,N,0,N,0,1,,,,100,,R01-0-01,,N,0,tiptop,3/5/2022 0:00,abmi600,R01JAT-801,,N,0,,,,,,,,,,,,,,,,0,1,,,MSAND,
35MN18C06XXX,35,0000-100090,3/5/2022 0:00,,756,1,0,,KG,1,1,,,1,N,0,N,0,1,,,,100,,R01-0-01,,N,0,tiptop,3/5/2022 0:00,abmi600,R01JAT-801,,N,0,,,,,,,,,,,,,,,,0,1,,,AGG1,
35MN18C06XXX,40,0000-100091,3/5/2022 0:00,,0,1,0,,KG,1,1,,,0,N,0,N,0,1,,,,100,,R01-0-01,,N,0,tiptop,3/5/2022 0:00,abmi600,R01JAT-801,,N,0,,,,,,,,,,,,,,,,0,1,,,AGG2,
35MN18C06XXX,45,0000-100092,3/5/2022 0:00,,0,1,0,,KG,1,1,,,0,N,0,N,0,1,,,,100,,R01-0-01,,N,0,tiptop,3/5/2022 0:00,abmi600,R01JAT-801,,N,0,,,,,,,,,,,,,,,,0,1,,,AGG3,
35MN18C06XXX,50,0002-100015,3/5/2022 0:00,,1.00,1,0,,KG,1,1,,,1,N,0,N,0,1,,,,100,,R01-0-01,,N,0,tiptop,3/5/2022 0:00,abmi600,R01JAT-801,,N,0,,,,,,,,,,,,,,,,0,1,,,PLAST,
35MN18C06XXX,55,0002-100017,3/5/2022 0:00,,2.18,1,0,,KG,1,1,,,0,N,0,N,0,1,,,,100,,R01-0-01,,N,0,tiptop,3/5/2022 0:00,abmi600,R01JAT-801,,N,0,,,,,,,,,,,,,,,,0,1,,,SK 183,
35MN18C06XXX,60,0002-100402,3/5/2022 0:00,,0.00,1,0,,KG,1,1,,,0,N,0,N,0,1,,,,100,,R01-0-01,,N,0,tiptop,3/5/2022 0:00,abmi600,R01JAT-801,,N,0,,,,,,,,,,,,,,,,0,1,,,VIS 1003,
